0 1080 438 1134 492 
1 1070 397 1125 452 
2 1064 364 1117 417 
3 1057 331 1111 383 
4 1049 300 1103 354 
6 1035 251 1088 304 
7 1023 231 1077 284 
8 1012 215 1064 267 
9 1001 200 1052 251 
10 986 186 1039 239 
18 847 217 903 273 
19 818 263 869 314 
20 789 316 841 368 
21 758 372 813 428 
22 731 438 785 492 
23 714 397 769 452 
24 696 358 751 412 
25 678 321 732 374 
27 642 253 699 310 
29 608 210 661 262 
30 592 195 645 249 
31 577 185 630 238 
32 562 183 618 238 
36 468 262 525 317 
37 441 322 493 373 
38 412 378 466 432 
39 385 443 440 497 
40 364 402 420 458 
41 342 363 397 418 
42 319 326 375 381 
43 297 291 355 349 
44 274 259 333 317 
45 255 232 312 289 
46 217 196 276 253 
47 201 188 260 247 
48 201 188 260 247 
49 201 188 260 247 
51 139 217 200 277 
52 108 248 169 310 
53 81 300 139 357 
54 55 354 114 413 
55 32 414 90 472 
56 9 477 69 537 
57 0 454 45 514 
164 0 984 85 1095 
165 39 1077 150 1187 
166 105 1183 217 1294 
167 171 1291 286 1405 
169 233 1310 347 1422 
170 247 1262 362 1376 
171 264 1222 378 1335 
172 276 1181 396 1299 
173 295 1153 414 1270 
174 318 1122 442 1244 
175 344 1099 472 1225 
176 381 1078 511 1207 
177 425 1061 554 1188 
178 476 1049 601 1172 
179 528 1038 654 1162 
180 584 1034 710 1158 
181 647 1044 769 1165 
182 712 1064 831 1183 
183 784 1107 904 1226 
184 865 1179 983 1295 
185 942 1258 1058 1374 
186 1016 1336 1132 1440 
188 1113 1347 1228 1440 
189 1143 1284 1255 1395 
190 1171 1221 1284 1332 
191 1200 1162 1313 1274 
192 1230 1107 1344 1221 
193 1261 1061 1376 1174 
194 1294 1020 1408 1133 
195 1326 984 1440 1097 
196 1359 958 1471 1069 
197 1426 921 1541 1036 
198 1426 921 1541 1036 
199 1426 921 1541 1036 
200 1508 925 1621 1037 
201 1556 946 1670 1059 
202 1608 991 1723 1106 
203 1669 1062 1789 1180 
204 1733 1151 1853 1270 
205 1797 1247 1916 1365 
206 1853 1343 1979 1440 
208 1935 1341 2061 1440 
209 1969 1284 2090 1403 
210 2000 1229 2121 1348 
211 2031 1177 2152 1297 
212 2064 1137 2184 1255 
213 2095 1098 2214 1215 
215 2151 1017 2272 1136 
216 2170 974 2292 1094 
217 2188 934 2310 1056 
218 2201 901 2323 1021 
219 2213 872 2333 993 
227 2102 1087 2211 1195 
228 2087 1131 2193 1236 
229 2086 1063 2190 1166 
230 2082 1000 2189 1106 
231 2080 939 2189 1047 
234 2070 803 2173 905 
235 2063 763 2170 868 
236 2057 729 2161 830 
237 2050 699 2156 804 
238 2049 675 2151 776 
239 2048 657 2149 757 
240 2049 645 2149 743 
241 2050 637 2149 735 
242 2051 638 2150 735 
243 2056 645 2157 744 
244 2060 671 2155 765 
245 2061 717 2152 806 
246 2064 763 2154 853 
250 2080 813 2167 899 
251 2087 762 2175 848 
252 2095 716 2181 801 
253 2100 673 2187 759 
254 2104 638 2187 721 
263 2018 474 2101 558 
264 1995 478 2077 560 
265 1971 490 2054 572 
266 1942 514 2026 597 
267 1904 558 1987 640 
268 1867 618 1949 700 
269 1830 683 1913 765 
270 1794 752 1875 834 
271 1765 797 1846 877 
272 1754 747 1835 827 
273 1744 703 1822 781 
274 1732 661 1811 739 
275 1718 621 1799 701 
276 1706 588 1786 668 
277 1694 558 1773 637 
278 1681 532 1761 612 
279 1667 512 1746 590 
280 1655 496 1733 573 
281 1641 483 1719 560 
282 1626 474 1701 548 
283 1608 465 1687 544 
284 1593 461 1672 540 
285 1576 462 1656 542 
286 1561 471 1639 549 
287 1540 492 1614 567 
288 1512 527 1585 600 
289 1485 569 1560 644 
290 1458 617 1532 691 
291 1431 664 1507 740 
292 1406 717 1480 791 
293 1394 702 1467 775 
294 1384 658 1456 730 
295 1374 615 1447 688 
296 1366 580 1437 651 
297 1345 516 1419 590 
298 1345 516 1419 590 
299 1345 516 1419 590 
300 1325 487 1394 557 
301 1302 517 1372 585 
302 1281 564 1351 634 
303 1260 617 1330 686 
304 1240 672 1311 742 
305 1230 646 1299 713 
306 1218 602 1287 670 
307 1208 565 1276 632 
310 1179 467 1248 537 
316 1075 431 1143 499 
317 1048 468 1114 535 
318 1016 518 1086 587 
319 987 580 1055 648 
320 956 645 1025 714 
321 929 685 997 754 
322 906 650 976 719 
323 883 618 953 687 
324 859 588 931 659 
325 837 564 909 634 
326 813 539 886 611 
327 793 523 862 593 
328 768 509 837 578 
329 742 497 811 565 
330 717 483 788 554 
331 692 474 763 546 
332 668 469 740 541 
333 647 466 719 539 
334 627 470 699 541 
335 611 490 682 562 
336 597 529 669 601 
337 590 572 662 644 
338 583 622 653 692 
339 576 672 647 742 
340 569 669 640 739 
341 560 626 628 694 
342 551 586 619 653 
343 543 545 612 614 
452 47 311 110 373 
453 76 337 137 397 
454 105 372 170 436 
456 169 465 234 530 
461 234 415 296 476 
462 242 390 302 450 
463 249 368 310 428 
464 257 350 318 409 
465 267 332 329 393 
466 277 321 337 381 
467 287 313 347 372 
468 298 308 359 367 
469 309 305 370 365 
470 319 306 378 364 
471 328 309 389 369 
472 335 314 397 376 
473 340 329 401 390 
474 343 356 407 419 
475 343 402 406 464 
476 340 450 405 515 
479 330 560 397 625 
480 317 531 384 596 
481 304 502 373 570 
482 291 477 360 545 
485 263 422 331 489 
486 258 412 326 479 
488 250 397 316 463 
489 251 389 318 455 
490 256 380 325 447 
491 266 372 338 443 
492 279 371 350 441 
493 294 370 366 442 
494 312 376 385 449 
495 331 389 405 462 
496 352 414 425 486 
497 372 458 447 532 
498 418 595 492 669 
499 418 595 492 669 
500 443 648 519 722 
501 441 610 512 679 
502 437 566 510 639 
503 434 530 507 601 
504 432 498 508 574 
505 435 469 507 540 
506 438 451 511 524 
507 440 430 513 502 
509 436 401 521 483 
510 458 399 535 475 
511 469 397 549 475 
512 488 412 569 491 
513 515 446 588 519 
514 542 496 616 570 
515 565 558 638 630 
516 589 624 660 694 
518 619 684 687 752 
519 616 639 686 709 
520 616 601 685 670 
521 614 563 684 632 
522 612 525 687 599 
523 614 497 687 570 
524 615 474 690 549 
525 617 456 693 531 
526 621 445 696 520 
527 625 436 701 512 
528 631 434 706 509 
529 635 436 710 510 
530 641 443 715 516 
531 650 457 722 528 
532 656 476 729 549 
533 664 513 736 584 
534 671 556 743 628 
535 679 602 752 675 
536 688 654 759 725 
537 695 706 767 779 
538 696 701 766 770 
539 691 668 759 736 
540 685 632 756 702 
541 680 604 751 674 
542 675 578 746 648 
543 672 555 744 627 
544 668 537 741 610 
545 665 521 739 596 
546 664 512 739 587 
547 665 508 741 584 
548 666 510 741 584 
549 666 510 741 584 
550 673 529 744 600 
551 675 545 747 616 
552 679 564 750 635 
553 682 587 753 658 
554 686 615 757 686 
555 691 647 762 718 
556 698 684 767 752 
557 704 727 770 793 
559 702 693 768 758 
560 700 672 766 737 
561 696 649 765 718 
562 696 636 765 704 
563 695 621 766 693 
564 696 619 767 689 
567 698 619 767 688 
568 694 616 763 685 
569 693 614 760 681 
570 690 610 756 677 
571 688 605 755 673 
572 688 605 752 669 
573 685 600 750 665 
574 683 595 747 659 
575 678 587 743 652 
576 674 580 739 644 
577 671 569 739 637 
578 668 566 736 634 
579 670 570 736 635 
580 669 570 735 635 
581 666 570 733 636 
582 664 569 732 636 
583 662 565 730 633 
584 658 557 730 628 
585 666 547 735 617 
586 675 531 745 600 
587 683 505 752 574 
588 687 461 758 532 
589 684 403 755 474 
590 673 341 745 412 
591 666 278 740 351 
592 657 221 730 294 
593 648 164 722 238 
594 640 113 714 187 
595 635 72 705 141 
614 594 70 667 142 
615 594 112 669 188 
616 597 164 672 239 
617 603 219 677 293 
620 626 388 700 462 
621 635 427 712 504 
622 638 458 714 533 
623 640 484 716 559 
624 646 510 719 583 
625 651 532 726 607 
626 654 548 727 621 
627 656 558 729 631 
628 658 565 731 637 
629 658 563 731 636 
630 657 552 733 627 
631 658 526 733 602 
632 656 475 731 550 
633 649 404 724 479 
634 635 323 709 397 
635 632 242 703 312 
636 623 162 697 236 
637 614 86 689 161 
670 609 180 683 254 
671 621 246 697 321 
672 631 280 700 348 
673 642 305 712 375 
674 655 320 726 391 
675 671 333 741 403 
676 687 340 760 412 
678 724 350 799 425 
679 745 359 819 433 
680 770 368 842 440 
681 794 382 866 453 
682 818 401 890 471 
683 846 427 918 498 
684 877 467 949 538 
685 917 530 987 600 
686 953 610 1024 681 
688 1006 676 1076 746 
689 1016 630 1082 697 
690 1022 578 1093 649 
691 1031 535 1103 607 
692 1037 492 1111 566 
693 1048 462 1118 532 
694 1058 432 1127 501 
695 1066 412 1137 482 
696 1072 399 1143 469 
697 1084 390 1156 462 
698 1119 401 1190 472 
699 1119 401 1190 472 
700 1145 418 1215 488 
701 1170 439 1238 507 
702 1194 463 1264 533 
703 1221 488 1291 559 
704 1243 507 1316 580 
705 1262 523 1330 591 
707 1277 520 1347 589 
708 1289 509 1359 578 
711 1362 398 1429 465 
712 1366 323 1439 396 
713 1367 247 1440 319 
714 1366 169 1439 241 
715 1359 91 1436 167 
716 1357 18 1434 95 
746 1307 20 1385 98 
747 1309 169 1392 252 
751 1328 317 1402 391 
752 1337 349 1411 423 
753 1343 380 1416 454 
754 1346 409 1417 480 
755 1346 435 1415 504 
756 1342 451 1411 520 
760 1350 452 1417 519 
761 1357 431 1423 497 
762 1359 399 1426 466 
763 1354 360 1422 428 
764 1347 320 1413 386 
765 1342 275 1408 342 
766 1337 215 1409 286 
767 1337 147 1413 222 
768 1341 79 1416 154 
769 1343 19 1421 96 
795 1465 0 1541 50 
796 1469 40 1545 115 
797 1474 109 1550 185 
798 1485 262 1559 336 
799 1485 262 1559 336 
801 1498 386 1572 460 
802 1492 405 1570 482 
803 1490 422 1566 498 
804 1491 439 1567 515 
805 1497 461 1573 536 
806 1498 491 1578 570 
807 1510 546 1588 623 
808 1516 625 1594 702 
809 1515 715 1593 793 
810 1517 811 1596 889 
811 1514 827 1594 906 
812 1504 775 1587 857 
813 1499 727 1581 809 
815 1487 640 1574 726 
816 1483 603 1570 689 
817 1473 565 1566 656 
818 1463 546 1561 642 
819 1457 544 1556 640 
820 1458 559 1555 654 
821 1471 610 1566 703 
822 1481 691 1571 781 
824 1494 880 1585 970 
825 1498 981 1592 1074 
826 1500 939 1591 1028 
827 1498 894 1585 980 
828 1496 847 1585 936 
829 1493 803 1586 895 
830 1494 765 1587 856 
831 1491 729 1589 825 
832 1491 702 1590 800 
833 1491 688 1591 787 
834 1492 680 1596 782 
835 1494 680 1599 785 
836 1494 693 1599 798 
837 1494 719 1601 826 
838 1500 753 1606 858 
839 1509 791 1613 893 
840 1522 823 1626 927 
841 1535 844 1639 947 
842 1547 851 1650 954 
843 1552 846 1659 952 
844 1552 821 1662 930 
845 1554 768 1666 878 
846 1551 683 1662 793 
847 1548 584 1658 691 
848 1547 470 1658 580 
849 1547 470 1658 580 
850 1546 363 1658 474 
851 1546 269 1654 376 
852 1540 167 1657 282 
853 1535 69 1658 189 
877 1444 1 1570 93 
878 1444 64 1563 180 
879 1441 160 1557 275 
880 1438 261 1553 375 
881 1432 357 1552 475 
882 1432 466 1547 580 
883 1428 571 1544 685 
884 1416 631 1533 747 
885 1409 668 1525 783 
886 1406 703 1517 813 
887 1401 734 1516 847 
888 1393 766 1509 880 
889 1384 813 1495 923 
890 1364 878 1474 988 
891 1331 974 1446 1088 
892 1302 1107 1417 1221 
893 1275 1248 1389 1361 
895 1242 1328 1353 1438 
896 1231 1263 1343 1375 
897 1219 1201 1334 1314 
898 1194 1085 1315 1205 
899 1194 1085 1315 1205 
900 1173 997 1293 1115 
901 1158 959 1278 1078 
902 1140 931 1261 1050 
903 1121 911 1245 1035 
904 1102 904 1227 1028 
905 1082 904 1209 1029 
906 1062 910 1190 1037 
907 1042 927 1171 1055 
908 1020 948 1153 1080 
909 1000 979 1131 1110 
910 975 1014 1101 1140 
911 942 1051 1071 1179 
912 913 1100 1041 1225 
913 884 1148 1014 1277 
914 860 1208 984 1330 
915 837 1270 958 1390 
916 814 1329 935 1440 
920 730 1301 839 1410 
972 288 690 369 771 
973 322 745 403 825 
974 350 785 429 863 
975 353 730 432 808 
976 357 682 434 757 
977 361 635 438 711 
978 369 597 443 670 
983 397 446 473 520 
984 400 424 477 501 
985 223 337 300 413 
985 405 414 478 487 
986 412 410 479 478 
986 234 339 307 414 
987 244 341 317 415 
987 413 406 482 475 
