0 2456 590 2554 686 
56 1688 24 1745 80 
57 1648 81 1703 136 
58 1631 44 1687 100 
59 1614 0 1671 56 
75 1299 0 1351 48 
132 371 94 434 155 
133 353 163 415 224 
134 332 165 393 225 
135 307 126 371 189 
136 284 93 349 158 
137 259 64 326 129 
138 239 43 299 102 
147 72 46 145 118 
148 60 91 139 169 
149 60 91 139 169 
150 50 237 129 314 
151 45 316 128 398 
152 43 404 126 487 
153 31 407 115 490 
154 12 375 95 456 
269 1118 1269 1296 1440 
270 1140 1235 1322 1423 
271 1160 1195 1341 1381 
272 1180 1163 1361 1350 
276 1243 1091 1410 1264 
277 1097 1183 1240 1327 
278 1092 1127 1240 1275 
279 1081 1079 1235 1231 
280 1081 1036 1230 1183 
282 1083 963 1232 1110 
283 1092 939 1241 1087 
284 1110 922 1257 1068 
302 1478 866 1585 973 
303 1477 915 1591 1028 
304 1485 968 1594 1077 
305 1496 896 1605 1003 
306 1508 832 1616 939 
307 1519 772 1627 879 
308 1531 720 1637 824 
309 1541 668 1648 773 
310 1552 625 1656 728 
311 1561 584 1665 687 
312 1565 549 1671 654 
315 1553 495 1654 597 
316 1532 506 1631 604 
317 1498 541 1593 637 
318 1448 591 1543 687 
319 1408 650 1494 738 
344 1279 251 1356 328 
345 1279 251 1356 328 
348 1292 166 1377 250 
349 1292 166 1377 250 
355 1247 114 1325 192 
356 1250 164 1322 235 
357 1249 211 1324 286 
358 1251 267 1325 341 
359 1252 325 1325 398 
360 1256 275 1330 348 
361 1261 226 1334 299 
362 1266 181 1338 253 
363 1271 140 1341 210 
364 1275 99 1346 170 
365 1280 66 1350 136 
366 1284 40 1353 109 
367 1285 27 1354 95 
368 1290 38 1360 108 
369 1299 74 1367 142 
370 1307 112 1376 180 
371 1316 152 1384 220 
372 1324 195 1392 263 
373 1329 203 1395 268 
374 1331 159 1397 225 
375 1333 121 1398 185 
376 1335 85 1400 148 
377 1337 52 1401 115 
378 1338 22 1403 86 
379 1337 3 1404 58 
386 1350 1 1414 62 
387 1354 52 1415 113 
388 1356 103 1418 165 
389 1358 128 1419 189 
390 1361 85 1420 143 
391 1362 46 1421 103 
392 1362 5 1424 66 
401 1386 3 1443 59 
402 1391 47 1448 103 
403 1396 75 1453 132 
404 1399 35 1455 90 
405 1402 1 1458 54 
438 1505 70 1567 132 
439 1507 126 1568 188 
440 1510 90 1569 149 
441 1515 57 1571 113 
444 1521 0 1580 53 
454 1556 0 1619 58 
456 1570 119 1630 180 
457 1574 187 1638 251 
458 1582 174 1647 239 
459 1591 140 1656 205 
460 1599 107 1666 174 
461 1602 79 1672 148 
462 1615 55 1678 117 
463 1621 32 1689 99 
465 1638 2 1705 69 
466 1642 1 1711 60 
467 1649 0 1720 52 
468 1657 0 1728 50 
469 1660 0 1731 52 
470 1660 0 1732 55 
471 1657 0 1728 65 
472 1649 3 1722 76 
473 1636 22 1709 96 
474 1613 56 1687 130 
475 1580 109 1652 180 
476 1549 161 1621 233 
477 1516 222 1588 294 
478 1482 287 1549 356 
479 1467 266 1534 334 
480 1454 225 1523 295 
481 1442 189 1512 260 
482 1428 158 1498 228 
483 1401 105 1471 175 
484 1386 86 1455 156 
485 1386 86 1455 156 
486 1370 70 1441 140 
487 1355 56 1426 128 
488 1340 47 1412 119 
489 1327 36 1401 110 
490 1317 30 1391 104 
491 1309 27 1383 100 
492 1304 27 1378 102 
493 1296 33 1373 111 
494 1285 69 1363 148 
495 1275 106 1353 185 
496 1275 106 1353 185 
497 1259 167 1336 245 
498 1242 247 1320 325 
499 1242 247 1320 325 
500 1210 420 1290 501 
501 1205 387 1281 462 
502 1199 338 1276 415 
503 1193 295 1269 371 
504 1185 251 1265 330 
505 1177 212 1259 293 
506 1169 178 1251 260 
507 1163 153 1245 236 
508 1158 134 1241 217 
509 1155 121 1239 205 
510 1154 112 1240 199 
511 1156 111 1243 198 
512 1160 119 1249 208 
513 1164 147 1253 237 
514 1165 199 1252 286 
515 1166 272 1251 356 
516 1167 353 1251 436 
517 1168 437 1251 520 
519 1169 501 1250 582 
520 1166 451 1247 532 
521 1163 405 1247 488 
522 1160 362 1246 448 
523 1156 323 1245 411 
524 1153 289 1242 378 
525 1151 263 1241 353 
526 1151 247 1242 336 
527 1150 229 1243 323 
528 1149 222 1244 317 
529 1148 222 1243 317 
530 1145 226 1241 321 
531 1144 240 1238 333 
532 1144 258 1236 351 
533 1142 288 1236 382 
534 1144 341 1233 430 
535 1145 398 1233 485 
536 1146 457 1233 544 
537 1146 520 1232 606 
538 1147 590 1234 677 
539 1146 564 1230 647 
540 1145 518 1230 603 
541 1144 479 1227 563 
542 1142 443 1228 528 
543 1141 411 1228 498 
544 1139 386 1225 471 
545 1136 346 1224 433 
546 1136 346 1224 433 
547 1135 340 1222 426 
548 1135 337 1221 423 
549 1134 339 1220 425 
550 1130 356 1219 444 
551 1129 378 1216 464 
552 1126 402 1214 489 
553 1124 432 1213 521 
554 1123 471 1209 556 
555 1122 511 1205 594 
556 1120 551 1207 637 
557 1118 602 1206 689 
558 1117 578 1203 663 
559 1115 549 1199 633 
560 1114 523 1199 608 
561 1114 504 1198 586 
562 1111 484 1199 571 
563 1112 475 1199 562 
564 1116 472 1206 561 
565 1122 473 1216 564 
566 1123 472 1214 561 
567 1125 468 1216 559 
568 1126 464 1217 554 
569 1129 460 1218 548 
570 1130 454 1219 542 
571 1131 448 1219 535 
572 1133 443 1219 529 
573 1132 434 1220 522 
574 1129 427 1216 513 
575 1128 416 1216 504 
576 1128 405 1217 494 
577 1131 396 1221 486 
578 1136 392 1225 481 
579 1144 394 1231 481 
580 1149 394 1236 481 
581 1153 396 1240 482 
582 1154 392 1243 480 
583 1155 388 1244 476 
584 1153 381 1243 470 
585 1148 370 1239 460 
586 1141 352 1231 442 
587 1130 320 1221 411 
588 1121 269 1213 360 
589 1113 197 1204 287 
590 1108 113 1205 210 
592 1101 0 1197 50 
618 1063 0 1155 48 
619 1062 27 1157 122 
620 1061 107 1157 202 
621 1068 168 1164 263 
622 1073 219 1165 310 
623 1080 256 1173 348 
624 1091 287 1186 381 
625 1103 324 1192 412 
626 1116 354 1203 440 
627 1129 373 1216 460 
628 1138 384 1226 472 
629 1140 391 1227 478 
630 1131 388 1218 476 
631 1108 376 1198 464 
632 1077 338 1161 422 
633 1049 268 1138 356 
634 1034 173 1123 262 
635 1031 68 1126 162 
636 1034 0 1128 60 
671 1201 0 1294 91 
672 1204 36 1295 129 
673 1208 72 1300 164 
674 1213 102 1305 193 
675 1220 124 1311 215 
676 1229 143 1321 234 
677 1240 162 1333 254 
678 1250 178 1344 272 
679 1259 198 1353 292 
680 1268 222 1363 318 
681 1274 253 1372 351 
682 1279 291 1380 391 
683 1287 345 1387 444 
684 1292 417 1393 517 
685 1293 529 1390 627 
686 1291 654 1389 752 
687 1289 784 1389 885 
688 1292 740 1387 836 
689 1291 683 1390 780 
690 1292 628 1391 727 
691 1292 581 1390 678 
692 1290 529 1393 633 
693 1287 484 1393 590 
694 1276 425 1388 537 
695 1276 425 1388 537 
696 1272 412 1386 526 
697 1272 413 1387 527 
698 1274 429 1392 545 
699 1274 429 1392 545 
700 1294 507 1409 622 
701 1314 559 1434 677 
702 1342 619 1462 737 
703 1377 671 1502 795 
705 1451 757 1568 873 
706 1485 771 1602 888 
707 1505 772 1625 892 
708 1521 768 1643 889 
709 1532 752 1656 875 
710 1541 711 1669 838 
711 1546 629 1678 761 
712 1553 514 1685 645 
714 1576 248 1709 381 
715 1585 116 1720 251 
716 1591 0 1732 121 
746 1539 7 1678 147 
748 1522 276 1652 406 
749 1522 276 1652 406 
750 1520 466 1646 593 
752 1541 581 1669 708 
753 1553 638 1686 770 
754 1570 680 1702 812 
755 1586 718 1715 846 
756 1602 740 1728 866 
757 1611 749 1737 874 
758 1618 752 1746 879 
759 1618 749 1748 878 
760 1622 737 1750 864 
761 1613 700 1752 837 
762 1621 650 1752 778 
763 1624 585 1747 708 
765 1745 575 1855 687 
766 1634 327 1758 451 
767 1637 208 1767 337 
768 1638 95 1771 228 
769 1636 0 1775 119 
795 1369 0 1527 147 
796 1351 114 1511 273 
797 1337 254 1492 408 
798 1324 399 1471 546 
799 1324 399 1471 546 
800 1302 654 1454 806 
801 1287 702 1433 847 
802 1265 735 1410 878 
803 1232 756 1374 897 
804 1200 777 1339 915 
805 1160 803 1299 941 
806 1122 843 1259 980 
807 1081 899 1222 1040 
808 1035 1006 1169 1139 
809 982 1125 1117 1259 
810 934 1251 1066 1382 
812 860 1315 990 1440 
813 831 1239 962 1368 
814 803 1164 934 1294 
815 773 1093 906 1224 
816 744 1030 875 1159 
817 713 966 847 1099 
818 681 911 821 1051 
819 650 883 789 1020 
820 619 872 759 1012 
821 581 909 721 1048 
822 525 987 670 1131 
823 481 1105 619 1242 
828 294 1283 433 1419 
829 252 1218 392 1356 
830 210 1155 352 1296 
831 166 1097 314 1243 
832 129 1049 278 1195 
833 100 1012 252 1161 
834 78 989 230 1139 
835 58 977 212 1127 
836 42 982 195 1132 
837 22 1005 179 1160 
838 7 1044 160 1193 
848 5 822 170 988 
849 5 822 170 988 
850 1 843 118 1002 
851 0 852 101 1009 
852 0 864 86 1018 
853 0 880 72 1029 
950 83 384 176 477 
951 158 440 249 532 
952 227 498 320 590 
953 294 559 386 651 
954 309 500 396 586 
955 322 434 410 522 
956 334 376 423 463 
957 349 320 437 407 
958 364 266 454 355 
959 382 222 469 309 
960 399 178 487 266 
961 418 142 506 230 
962 443 113 529 198 
963 471 89 558 175 
964 501 75 586 158 
965 535 68 618 149 
967 607 76 687 154 
968 645 93 726 174 
969 690 128 773 210 
970 734 186 816 269 
971 778 257 860 338 
972 821 331 903 412 
973 863 406 943 487 
974 895 449 974 528 
975 907 400 985 477 
976 918 352 998 431 
977 931 309 1010 388 
978 946 270 1025 348 
979 961 233 1040 312 
980 976 201 1054 280 
981 993 174 1069 251 
982 1004 149 1086 231 
983 1025 133 1104 212 
984 1043 114 1123 194 
985 1062 103 1142 183 
986 1079 95 1161 177 
987 1096 93 1179 176 
