0 2069 419 2138 488 
1 2069 395 2137 462 
2 2073 349 2140 415 
3 2078 306 2144 373 
4 2081 267 2147 333 
5 2084 231 2150 297 
6 2084 197 2153 265 
20 1829 174 1885 231 
21 1788 226 1849 287 
22 1749 286 1810 347 
23 1728 292 1788 352 
24 1719 243 1779 302 
25 1712 198 1770 256 
26 1703 151 1762 210 
27 1694 112 1751 169 
38 1485 146 1539 201 
39 1452 205 1505 257 
40 1432 211 1486 264 
41 1420 165 1475 219 
54 1196 53 1245 103 
55 1163 104 1212 153 
56 1130 157 1178 206 
57 1104 182 1153 231 
58 1085 143 1136 194 
59 1068 111 1117 160 
60 1049 78 1100 129 
61 1032 53 1080 100 
62 1013 29 1060 75 
73 776 102 823 149 
74 750 144 799 193 
76 716 130 766 178 
77 703 96 752 144 
92 489 35 539 85 
94 476 139 525 188 
95 467 193 518 245 
96 457 209 507 259 
97 445 178 493 226 
98 433 149 483 199 
99 433 149 483 199 
100 407 95 461 148 
109 274 88 329 142 
110 248 130 308 190 
111 225 183 282 239 
112 202 235 259 292 
113 178 287 239 349 
114 160 304 218 362 
115 140 273 199 332 
116 121 244 182 305 
117 103 219 165 281 
118 84 195 148 259 
119 67 179 130 241 
120 50 164 114 227 
121 34 155 99 218 
122 20 143 88 211 
123 10 138 79 206 
124 6 131 78 204 
125 6 127 79 201 
126 6 130 79 202 
127 11 143 82 212 
128 17 164 90 237 
129 20 208 92 280 
130 16 270 87 339 
131 13 337 83 407 
133 6 474 77 544 
151 8 737 94 823 
152 4 696 88 779 
153 1 659 84 747 
155 1 598 86 685 
156 0 572 85 662 
157 0 550 85 644 
158 0 533 88 628 
159 0 525 89 621 
160 1 522 89 619 
161 0 528 90 624 
162 0 551 90 649 
163 0 604 93 705 
164 0 684 98 792 
165 0 796 99 898 
166 0 912 103 1017 
168 0 1030 93 1138 
180 0 911 75 1043 
181 1 940 114 1082 
183 81 1105 215 1238 
184 154 1221 290 1356 
190 380 1328 526 1439 
191 402 1286 541 1424 
192 425 1252 564 1390 
193 448 1224 585 1360 
194 473 1198 614 1338 
195 501 1182 644 1323 
196 528 1175 671 1316 
197 528 1175 671 1316 
198 557 1174 702 1317 
199 557 1174 702 1317 
200 614 1212 761 1358 
201 643 1258 791 1406 
219 1186 1266 1368 1428 
220 1235 1289 1427 1440 
221 1282 1321 1489 1440 
227 1621 1325 1815 1440 
228 1671 1313 1861 1440 
229 1724 1310 1907 1440 
230 1768 1309 1951 1440 
231 1816 1312 1992 1440 
232 1858 1308 2030 1440 
233 1896 1297 2068 1439 
234 1940 1282 2108 1431 
235 1980 1263 2149 1433 
238 2101 1202 2277 1379 
239 1935 1230 2093 1386 
240 2178 1181 2355 1359 
240 1967 1210 2122 1365 
241 2005 1201 2158 1354 
242 2046 1208 2192 1355 
246 2395 1114 2560 1283 
247 2395 1114 2560 1283 
269 2223 1091 2343 1210 
270 2162 1163 2280 1279 
271 2099 1236 2220 1356 
272 2097 1171 2210 1283 
273 2089 1102 2202 1214 
274 2080 1038 2193 1149 
275 2071 977 2185 1089 
276 2060 920 2175 1033 
277 2049 870 2165 984 
278 2037 826 2152 939 
279 2024 789 2139 904 
280 2008 756 2124 871 
281 1997 734 2110 846 
282 1982 709 2095 821 
283 1969 692 2081 802 
284 1958 678 2070 789 
285 1949 669 2062 780 
286 1941 669 2051 778 
287 1929 675 2044 789 
288 1914 702 2024 811 
289 1895 744 1997 846 
290 1875 790 1977 891 
291 1857 839 1956 936 
292 1840 890 1936 986 
293 1828 905 1925 1002 
294 1833 844 1930 940 
295 1837 789 1932 883 
296 1840 686 1939 784 
297 1844 645 1941 740 
320 1465 665 1545 745 
321 1440 634 1516 711 
322 1412 584 1495 666 
323 1387 546 1467 625 
324 1360 510 1439 589 
325 1333 478 1410 555 
326 1305 450 1383 527 
327 1276 424 1355 502 
328 1249 399 1329 478 
329 1226 379 1304 457 
330 1203 361 1283 440 
331 1184 346 1262 425 
332 1170 336 1247 413 
333 1159 331 1236 407 
334 1155 337 1231 413 
335 1153 365 1228 440 
336 1158 407 1234 482 
337 1163 452 1239 527 
338 1169 503 1241 574 
339 1173 541 1250 619 
362 1034 277 1093 337 
369 1001 213 1064 275 
370 997 247 1061 311 
371 995 285 1059 349 
372 994 328 1057 391 
373 989 299 1051 361 
374 983 263 1045 324 
375 977 227 1040 290 
376 974 201 1034 260 
377 967 171 1028 231 
385 938 119 996 177 
386 935 159 996 220 
387 937 208 995 267 
388 937 260 994 316 
389 934 242 991 299 
390 930 204 986 261 
391 924 169 981 226 
392 920 136 977 193 
393 915 106 972 163 
402 906 169 957 220 
403 907 207 959 259 
404 907 203 958 253 
405 907 169 956 217 
420 955 0 1003 35 
423 979 83 1030 134 
424 985 130 1033 179 
425 990 178 1040 228 
426 995 216 1044 266 
427 995 182 1044 231 
428 995 150 1046 201 
429 994 125 1043 173 
430 997 101 1045 149 
431 996 76 1046 126 
435 1009 43 1056 90 
436 1011 67 1064 120 
437 1023 112 1075 164 
439 1043 218 1095 268 
440 1047 226 1101 280 
444 1055 108 1108 161 
454 1118 133 1179 194 
455 1138 182 1195 238 
456 1156 237 1213 293 
457 1173 284 1227 339 
458 1181 248 1236 302 
459 1187 219 1242 274 
460 1195 190 1250 245 
461 1204 163 1261 219 
462 1213 142 1270 198 
463 1223 123 1279 179 
464 1229 107 1287 164 
465 1237 93 1296 152 
466 1245 83 1306 143 
467 1254 77 1316 138 
468 1261 76 1323 138 
469 1267 76 1330 139 
470 1270 78 1335 143 
471 1273 85 1337 150 
472 1271 97 1336 162 
473 1268 122 1331 184 
474 1253 157 1318 222 
475 1235 209 1297 271 
476 1216 260 1279 323 
477 1198 317 1258 377 
478 1181 361 1242 423 
479 1170 327 1229 386 
481 1148 269 1207 327 
482 1136 241 1198 302 
483 1124 216 1189 280 
484 1112 197 1177 262 
485 1101 183 1167 248 
486 1093 174 1156 237 
487 1083 165 1147 228 
488 1076 156 1142 221 
489 1073 150 1138 215 
490 1072 143 1139 209 
491 1074 141 1141 208 
492 1078 143 1148 211 
493 1084 149 1155 219 
494 1090 161 1163 233 
495 1096 183 1170 257 
496 1100 287 1172 359 
497 1100 287 1172 359 
498 1102 368 1168 434 
499 1102 368 1168 434 
500 1102 486 1171 555 
501 1099 442 1169 511 
502 1096 400 1164 469 
503 1093 360 1165 431 
504 1089 325 1161 396 
505 1087 288 1163 364 
506 1084 263 1160 338 
507 1086 244 1161 319 
508 1088 231 1163 305 
509 1091 219 1167 295 
510 1097 212 1175 289 
511 1106 213 1185 291 
512 1113 221 1195 301 
513 1124 250 1207 332 
514 1139 303 1218 382 
515 1152 367 1229 444 
516 1160 441 1239 520 
517 1172 520 1245 594 
518 1178 574 1252 649 
520 1180 481 1254 555 
521 1180 440 1260 519 
522 1181 402 1258 478 
523 1181 371 1258 447 
524 1184 347 1262 425 
525 1186 326 1263 403 
526 1188 308 1267 388 
527 1189 296 1273 380 
528 1191 291 1275 375 
529 1195 293 1277 375 
530 1197 297 1279 378 
531 1200 310 1281 390 
532 1204 331 1283 409 
533 1204 366 1283 445 
534 1208 410 1286 488 
535 1209 460 1288 539 
536 1213 516 1289 592 
537 1213 567 1294 648 
538 1215 613 1291 690 
539 1214 565 1293 645 
540 1213 536 1287 610 
541 1210 499 1287 575 
542 1208 469 1286 548 
543 1207 442 1284 519 
544 1204 421 1281 497 
545 1202 393 1282 473 
546 1202 387 1281 467 
547 1202 387 1281 467 
548 1203 386 1282 465 
549 1202 390 1281 468 
550 1202 412 1279 489 
551 1202 432 1279 509 
552 1203 456 1278 532 
553 1202 485 1282 564 
554 1202 519 1279 596 
555 1200 554 1279 633 
556 1203 596 1280 673 
557 1203 627 1278 702 
558 1201 591 1278 669 
559 1204 570 1279 644 
561 1204 531 1277 604 
562 1204 517 1278 591 
563 1205 511 1279 585 
564 1208 507 1285 584 
565 1212 510 1287 585 
566 1211 508 1287 584 
567 1211 506 1286 581 
568 1209 500 1284 575 
569 1209 494 1285 569 
570 1209 491 1284 566 
571 1208 487 1285 565 
572 1207 480 1285 559 
573 1208 475 1282 549 
574 1204 467 1279 543 
575 1199 456 1276 533 
576 1198 447 1275 525 
577 1199 441 1276 518 
578 1203 440 1279 516 
579 1205 441 1282 517 
580 1205 441 1282 518 
581 1204 440 1282 518 
582 1202 436 1282 516 
583 1202 431 1283 512 
584 1201 422 1283 504 
585 1205 410 1287 492 
586 1206 391 1292 476 
587 1210 354 1294 437 
588 1210 300 1296 386 
589 1206 233 1291 318 
591 1207 97 1288 178 
592 1203 31 1286 113 
593 1202 0 1284 55 
616 1152 0 1233 50 
617 1149 24 1233 108 
618 1149 88 1232 171 
619 1148 155 1230 237 
620 1149 220 1237 309 
621 1159 268 1244 352 
622 1160 302 1247 388 
623 1164 334 1248 417 
624 1172 364 1254 445 
625 1179 389 1261 470 
626 1188 413 1268 492 
627 1194 427 1275 507 
628 1196 435 1278 516 
629 1195 437 1277 518 
630 1189 432 1272 514 
631 1178 414 1262 498 
632 1165 373 1245 453 
633 1154 304 1237 386 
634 1148 224 1236 313 
635 1154 126 1234 206 
636 1153 37 1237 120 
669 1227 0 1302 54 
670 1225 53 1307 135 
671 1233 107 1312 186 
672 1238 137 1316 216 
673 1247 163 1326 242 
674 1258 184 1337 262 
675 1272 201 1349 279 
676 1286 213 1363 290 
677 1305 226 1382 303 
678 1322 234 1403 315 
679 1339 252 1424 336 
680 1354 273 1439 358 
681 1372 292 1459 378 
682 1390 328 1483 422 
683 1415 370 1500 454 
684 1440 442 1521 522 
685 1460 539 1541 620 
686 1478 643 1556 721 
687 1492 706 1574 788 
688 1503 650 1583 729 
690 1522 547 1607 631 
691 1532 504 1619 590 
692 1542 464 1628 549 
693 1549 425 1639 514 
694 1555 402 1652 498 
695 1575 373 1663 460 
696 1577 373 1671 464 
697 1577 373 1671 464 
698 1595 387 1688 478 
699 1595 387 1688 478 
700 1643 447 1738 542 
701 1670 483 1767 578 
702 1703 522 1797 615 
703 1735 559 1828 650 
705 1791 603 1883 694 
706 1815 605 1904 693 
707 1831 598 1925 690 
708 1858 589 1949 679 
709 1887 562 1978 653 
710 1921 515 2010 603 
711 1946 435 2035 523 
712 1957 332 2049 424 
713 1964 226 2062 323 
714 1975 127 2073 225 
715 1985 26 2087 128 
726 1957 403 2040 487 
728 1948 408 2036 496 
729 1942 406 2034 498 
730 1938 403 2033 497 
731 1937 401 2033 497 
732 1935 398 2032 496 
733 1931 394 2032 496 
746 1917 31 2016 129 
747 1905 127 2004 227 
748 1893 233 1990 330 
749 1893 233 1990 330 
751 1902 394 2007 498 
752 1913 438 2012 536 
753 1917 477 2018 576 
754 1920 508 2020 607 
755 1925 534 2020 629 
756 1924 545 2021 640 
757 1926 554 2022 649 
758 1930 554 2025 648 
760 1943 530 2039 626 
761 1947 497 2046 594 
762 1950 453 2047 549 
763 1950 399 2057 506 
765 1959 272 2052 365 
766 1968 186 2064 282 
767 1979 97 2076 194 
768 1993 15 2090 110 
773 2000 398 2097 495 
792 2014 474 2103 563 
793 2001 459 2102 561 
795 2004 0 2120 105 
796 1993 94 2106 206 
797 1979 195 2093 308 
798 1967 302 2078 413 
799 1967 302 2078 413 
800 1953 476 2067 590 
801 1942 511 2054 622 
803 1907 559 2021 671 
804 1888 581 2002 694 
805 1866 610 1985 726 
806 1847 642 1968 761 
807 1832 707 1949 823 
808 1811 803 1926 918 
809 1775 923 1884 1031 
810 1737 1045 1843 1151 
811 1705 1127 1814 1237 
812 1698 1062 1802 1166 
813 1686 992 1795 1102 
814 1675 936 1781 1042 
815 1661 877 1770 986 
816 1647 829 1757 937 
817 1632 777 1747 891 
818 1616 747 1731 862 
819 1600 733 1714 846 
820 1578 739 1695 856 
821 1551 783 1674 906 
822 1522 882 1639 999 
823 1491 1000 1607 1115 
824 1459 1120 1576 1237 
825 1429 1244 1546 1361 
826 1409 1256 1526 1372 
827 1397 1196 1513 1311 
828 1384 1140 1500 1255 
829 1368 1084 1486 1201 
830 1352 1036 1473 1154 
831 1336 992 1458 1112 
832 1320 957 1442 1077 
833 1309 931 1432 1054 
834 1300 916 1425 1039 
835 1291 912 1419 1039 
836 1281 927 1407 1052 
837 1270 961 1395 1084 
838 1257 1001 1383 1126 
839 1249 1053 1376 1179 
840 1242 1108 1367 1230 
841 1239 1150 1360 1270 
842 1234 1169 1358 1293 
844 1179 1146 1311 1277 
845 1134 1098 1264 1228 
846 1089 1002 1221 1134 
847 1066 867 1203 1005 
848 1059 727 1202 869 
849 1066 867 1203 1005 
850 1050 589 1197 734 
851 1041 449 1192 600 
852 1034 315 1186 466 
853 1022 179 1181 339 
854 1018 56 1178 216 
878 937 39 1099 200 
879 1103 914 1256 1070 
879 941 162 1099 323 
880 1091 916 1241 1069 
880 945 295 1097 449 
881 1078 916 1227 1068 
881 947 429 1098 580 
882 952 569 1097 714 
883 956 709 1096 850 
884 1020 917 1165 1063 
884 948 805 1082 941 
891 676 1143 815 1283 
892 611 1265 749 1402 
898 307 1262 442 1397 
899 307 1262 442 1397 
900 230 1145 368 1284 
905 177 1014 330 1168 
906 144 1028 298 1184 
907 116 1043 264 1191 
908 83 1033 229 1183 
909 46 1018 192 1167 
910 4 996 157 1149 
911 0 980 120 1136 
916 93 1265 217 1389 
917 119 1316 244 1439 
919 133 1306 254 1425 
920 119 1241 238 1359 
921 103 1180 224 1299 
922 92 1125 212 1244 
923 80 1074 200 1193 
924 72 1029 189 1146 
925 67 993 181 1106 
926 55 959 174 1079 
927 46 933 166 1053 
928 39 913 161 1035 
929 38 902 158 1021 
930 39 900 159 1020 
931 68 928 186 1044 
932 109 986 223 1100 
933 147 1050 260 1162 
934 185 1116 295 1226 
935 192 1080 299 1186 
936 187 1008 294 1114 
937 183 937 291 1044 
938 182 875 288 980 
939 183 818 287 921 
940 177 763 286 870 
941 178 716 287 823 
942 180 671 292 780 
943 186 637 297 746 
944 196 605 304 712 
945 209 580 313 683 
946 220 562 321 663 
947 234 552 332 651 
948 249 552 346 649 
949 249 552 346 649 
950 309 585 403 680 
951 348 633 441 725 
952 384 684 478 778 
953 419 738 512 830 
954 441 744 531 832 
955 446 677 534 763 
956 457 617 538 698 
957 466 562 543 637 
959 474 450 554 530 
960 476 403 559 486 
961 482 363 565 446 
968 630 261 706 337 
969 665 281 741 357 
970 705 319 780 392 
971 744 370 822 447 
972 785 429 864 508 
973 825 492 903 569 
974 864 555 941 632 
975 882 541 958 616 
976 894 494 969 567 
977 907 450 980 523 
978 922 412 992 481 
979 938 375 1005 442 
980 948 335 1019 406 
981 960 306 1032 376 
982 970 279 1045 354 
983 985 258 1059 332 
984 1001 240 1073 312 
985 1014 229 1084 298 
986 1026 215 1097 286 
987 1035 207 1108 280 
