0 695 393 757 455 
1 675 422 735 483 
2 664 382 723 440 
3 652 345 711 404 
4 640 312 699 371 
5 629 282 687 339 
6 615 254 675 313 
7 603 231 663 292 
9 575 193 633 251 
10 560 179 618 237 
11 544 164 603 223 
12 530 154 590 214 
14 502 143 561 202 
15 488 142 547 201 
16 470 147 531 207 
17 453 161 512 219 
18 431 181 491 240 
19 406 212 467 272 
21 335 328 395 389 
22 299 397 361 459 
23 266 467 330 531 
24 245 418 308 481 
25 224 376 286 438 
26 201 332 266 397 
27 182 300 242 359 
28 158 261 221 324 
29 134 232 198 295 
30 113 213 176 275 
31 91 197 154 260 
32 70 185 134 249 
33 52 183 116 246 
34 34 190 96 252 
35 8 208 72 272 
148 0 1172 77 1305 
149 0 1172 77 1305 
150 171 1313 300 1440 
154 455 1341 586 1440 
155 496 1272 622 1396 
156 538 1215 661 1335 
157 577 1161 700 1282 
158 618 1111 741 1232 
159 659 1071 781 1192 
160 706 1040 825 1158 
161 753 1015 870 1132 
162 795 996 916 1117 
163 841 996 965 1119 
164 905 1027 1027 1149 
165 990 1090 1108 1207 
166 1079 1174 1197 1291 
167 1165 1268 1283 1385 
170 1358 1336 1477 1440 
171 1405 1279 1523 1396 
172 1452 1230 1567 1344 
173 1502 1186 1613 1297 
174 1545 1139 1662 1255 
175 1588 1098 1709 1218 
176 1636 1063 1760 1186 
177 1689 1036 1810 1155 
178 1741 1009 1859 1125 
179 1782 984 1900 1101 
180 1829 963 1945 1078 
181 1866 950 1984 1067 
182 1901 946 2017 1061 
183 1935 957 2048 1069 
184 1967 989 2075 1097 
185 1988 1042 2096 1148 
186 2002 1099 2113 1209 
187 2017 1161 2128 1271 
188 2029 1223 2140 1334 
189 2056 1148 2165 1257 
190 2080 1083 2188 1189 
191 2111 1026 2212 1127 
201 2357 602 2461 707 
204 2430 617 2528 714 
205 2453 605 2551 702 
226 2399 751 2484 835 
227 2357 808 2442 893 
228 2325 846 2410 932 
229 2324 792 2408 874 
230 2323 744 2405 825 
231 2319 699 2401 780 
232 2315 656 2399 739 
233 2310 622 2391 702 
234 2302 589 2384 670 
235 2291 561 2372 642 
236 2277 535 2355 613 
237 2264 512 2344 593 
238 2251 493 2329 572 
239 2240 479 2317 557 
240 2226 470 2306 549 
241 2214 467 2293 546 
242 2186 476 2263 552 
243 2167 498 2242 573 
244 2167 498 2242 573 
245 2141 534 2217 608 
246 2117 576 2191 651 
247 2092 621 2167 695 
248 2068 667 2142 741 
249 2068 667 2142 741 
250 2059 618 2133 691 
251 2062 577 2134 649 
252 2061 537 2135 610 
253 2061 504 2134 576 
254 2060 473 2132 545 
255 2058 445 2131 517 
256 2053 424 2125 495 
257 2045 405 2116 476 
258 2033 388 2104 459 
259 2021 376 2092 446 
260 2008 365 2079 435 
261 1993 357 2063 427 
262 1976 351 2049 423 
263 1961 349 2033 421 
264 1946 355 2015 424 
265 1929 366 2001 437 
266 1906 390 1979 462 
267 1875 431 1948 503 
268 1844 487 1917 560 
269 1816 548 1889 621 
270 1787 613 1859 685 
271 1765 651 1837 723 
272 1762 608 1833 678 
273 1757 568 1830 640 
274 1752 533 1825 605 
275 1746 501 1819 573 
276 1741 473 1814 544 
277 1736 447 1808 520 
278 1729 424 1803 497 
279 1723 409 1794 480 
280 1715 396 1786 466 
281 1705 384 1776 455 
282 1691 376 1762 447 
283 1677 371 1748 441 
284 1661 371 1731 440 
285 1642 374 1713 445 
286 1621 383 1692 454 
287 1592 405 1663 475 
288 1557 441 1628 512 
289 1520 488 1589 557 
290 1481 532 1553 604 
291 1445 584 1516 655 
292 1410 639 1479 708 
293 1385 579 1455 648 
294 1385 579 1455 648 
295 1375 543 1444 611 
296 1364 510 1431 577 
297 1353 479 1421 547 
298 1341 451 1410 520 
299 1341 451 1410 520 
300 1313 429 1380 496 
301 1285 462 1352 528 
302 1256 512 1323 579 
303 1225 567 1293 635 
304 1195 626 1264 695 
305 1185 592 1253 660 
306 1173 547 1244 618 
307 1164 515 1231 582 
308 1154 481 1221 548 
309 1142 451 1210 519 
310 1131 424 1200 493 
311 1119 404 1186 470 
312 1102 386 1172 455 
313 1084 379 1152 447 
314 1065 376 1133 443 
315 1046 381 1113 449 
316 1025 402 1092 469 
317 1003 441 1071 510 
318 981 500 1051 569 
319 959 565 1032 637 
320 939 638 1011 709 
321 925 672 996 743 
322 915 639 986 710 
323 907 609 978 680 
324 896 578 970 652 
325 886 554 961 629 
326 876 534 951 609 
327 864 514 942 593 
328 850 501 927 577 
329 834 490 909 566 
330 814 482 890 558 
331 792 475 869 551 
332 766 472 843 549 
333 740 474 816 549 
334 710 479 789 558 
335 678 507 757 585 
336 646 554 725 633 
337 613 606 694 687 
338 583 665 664 745 
339 556 727 634 805 
341 524 667 600 743 
342 496 582 573 658 
343 481 544 558 621 
344 481 544 558 621 
345 467 515 544 591 
346 447 495 523 571 
347 426 478 503 555 
348 407 463 483 540 
349 407 463 483 540 
350 358 440 436 518 
351 331 435 410 514 
352 302 435 382 515 
353 273 443 353 522 
354 244 459 326 540 
355 212 490 297 575 
356 183 547 266 629 
357 157 614 240 697 
358 131 684 217 770 
359 108 761 193 845 
360 88 710 170 792 
361 66 662 149 744 
362 45 618 127 699 
363 22 574 105 657 
364 2 537 87 621 
365 0 509 65 591 
474 0 410 64 483 
475 4 463 80 538 
476 16 527 91 601 
477 29 590 106 667 
478 45 668 118 741 
479 43 648 117 721 
480 36 613 110 687 
481 29 578 106 654 
483 19 525 99 604 
484 16 502 99 584 
485 15 486 97 567 
486 15 472 98 554 
487 22 462 104 542 
488 32 453 113 534 
489 45 441 125 521 
490 66 430 149 512 
491 87 419 170 501 
492 112 415 196 499 
493 138 415 226 501 
494 198 439 281 520 
495 230 465 314 547 
496 271 520 353 602 
497 306 593 390 676 
498 345 674 424 752 
499 345 674 424 752 
500 378 755 460 836 
501 385 715 464 794 
503 393 622 471 699 
504 395 577 477 659 
505 405 541 483 619 
506 410 505 491 586 
507 423 479 500 557 
508 431 460 510 539 
509 440 443 521 523 
510 453 433 534 513 
511 466 427 546 507 
512 481 426 562 507 
513 502 446 584 527 
514 528 477 611 561 
515 554 531 638 614 
516 599 666 680 747 
517 620 740 700 820 
518 629 718 705 793 
519 633 670 709 745 
520 638 626 714 701 
521 642 583 719 660 
522 646 547 723 623 
523 651 515 730 594 
524 657 489 738 569 
525 664 469 744 549 
526 671 455 751 535 
527 677 446 758 526 
528 677 446 758 526 
529 684 444 764 523 
530 690 445 771 525 
531 698 454 776 532 
532 704 467 783 545 
533 711 489 791 569 
534 718 528 796 606 
535 723 576 801 654 
536 728 627 805 704 
537 733 682 810 759 
538 737 740 814 818 
539 737 723 813 799 
540 734 684 811 760 
542 727 568 803 645 
543 728 590 806 668 
544 725 550 802 627 
545 723 534 802 613 
546 724 527 803 605 
547 725 522 805 601 
548 727 524 807 603 
549 727 524 807 603 
550 733 540 812 618 
551 736 557 815 636 
552 740 580 817 656 
553 744 606 821 683 
554 748 637 823 713 
555 752 672 827 747 
556 755 709 831 785 
557 758 752 834 829 
558 759 737 835 812 
559 761 709 836 784 
560 761 686 837 760 
561 762 667 837 741 
562 763 649 839 725 
563 764 640 840 715 
564 765 638 841 712 
565 672 386 741 454 
565 766 638 840 711 
566 764 637 838 710 
567 759 635 834 709 
568 753 634 828 708 
569 749 630 822 704 
570 744 625 819 700 
571 740 622 815 696 
572 739 619 812 692 
573 736 615 809 687 
574 734 610 807 682 
575 731 602 804 676 
576 726 593 800 667 
577 720 586 795 661 
578 716 585 790 659 
579 712 585 786 659 
580 709 584 784 659 
581 703 585 780 661 
582 699 584 776 661 
583 696 580 774 657 
584 699 574 776 650 
585 708 562 785 639 
586 728 541 802 615 
587 747 508 822 583 
588 761 457 838 534 
589 768 395 843 470 
590 761 323 841 403 
591 758 258 839 339 
592 755 196 838 279 
593 747 79 832 163 
594 747 79 832 163 
615 710 90 795 174 
616 711 147 795 232 
617 712 209 796 294 
618 713 275 796 357 
619 718 344 796 423 
620 724 394 803 473 
621 728 437 810 518 
622 730 471 809 549 
623 717 495 801 577 
624 724 527 800 603 
625 714 548 794 627 
626 712 567 789 644 
627 708 578 786 656 
628 709 584 785 660 
629 713 580 790 658 
630 727 568 805 646 
632 767 475 844 552 
633 774 395 850 470 
634 768 304 847 383 
635 763 217 842 296 
636 757 132 839 213 
669 649 86 732 169 
670 655 168 732 247 
672 667 269 748 350 
677 739 344 812 417 
678 759 347 833 420 
679 774 353 853 431 
680 796 363 875 442 
681 822 375 898 450 
682 850 393 922 466 
683 876 419 948 492 
684 905 458 977 529 
685 942 522 1013 592 
686 976 596 1046 667 
687 1009 672 1081 744 
688 1025 650 1095 720 
689 1038 599 1108 668 
690 1051 548 1121 618 
691 1064 503 1135 574 
692 1078 462 1148 533 
693 1092 426 1161 495 
694 1117 372 1187 442 
695 1128 358 1198 428 
696 1143 352 1212 420 
697 1157 352 1227 422 
698 1174 361 1243 430 
699 1174 361 1243 430 
700 1210 397 1277 464 
701 1228 419 1294 484 
702 1242 437 1306 502 
703 1248 459 1313 524 
704 1248 469 1313 534 
707 1255 456 1319 519 
708 1273 432 1338 497 
709 1298 391 1366 458 
710 1326 335 1391 401 
713 1346 115 1415 185 
753 1312 326 1380 395 
754 1305 355 1372 422 
755 1294 377 1362 445 
759 1278 405 1342 469 
760 1288 393 1351 456 
761 1297 371 1360 435 
762 1303 341 1365 404 
763 1303 305 1363 366 
764 1298 262 1359 324 
766 1296 155 1370 229 
795 1516 0 1591 68 
796 1521 61 1593 133 
797 1523 129 1595 201 
798 1524 201 1596 273 
799 1524 201 1596 273 
800 1531 291 1601 360 
801 1539 311 1608 380 
802 1544 329 1613 398 
803 1553 345 1622 414 
804 1560 361 1630 431 
805 1570 380 1643 452 
806 1585 408 1658 480 
807 1605 458 1676 529 
808 1618 527 1692 601 
809 1629 610 1703 684 
810 1638 693 1715 770 
811 1646 703 1721 777 
812 1654 657 1729 731 
813 1662 612 1737 687 
814 1669 572 1745 647 
815 1677 535 1753 610 
816 1682 497 1760 575 
817 1690 472 1767 549 
818 1695 456 1775 535 
819 1701 453 1780 531 
820 1713 469 1793 549 
821 1735 515 1814 593 
822 1753 581 1834 662 
823 1769 662 1850 744 
825 1795 833 1879 917 
826 1810 791 1890 871 
827 1824 746 1906 827 
828 1837 703 1920 785 
829 1850 662 1936 747 
830 1864 624 1953 713 
831 1880 597 1968 684 
832 1891 576 1978 662 
833 1897 558 1987 647 
834 1906 551 1994 638 
835 1915 550 2004 639 
836 1919 565 2010 655 
837 1927 586 2017 675 
838 1937 614 2028 705 
839 1950 646 2041 736 
840 1965 672 2058 763 
841 1980 686 2073 778 
842 1999 688 2092 780 
843 2021 678 2116 772 
844 2055 655 2148 748 
845 2055 655 2148 748 
846 2089 611 2181 702 
847 2116 533 2207 623 
848 2132 438 2223 529 
849 2132 438 2223 529 
850 2158 253 2256 350 
851 2175 172 2272 269 
852 2182 84 2284 184 
853 2196 6 2297 105 
878 2136 10 2239 111 
879 2120 90 2223 192 
880 2105 178 2206 279 
881 2089 265 2190 366 
882 2072 359 2172 460 
883 2058 452 2155 549 
884 2054 503 2152 599 
885 2051 537 2145 631 
886 2058 565 2154 660 
887 2070 591 2167 688 
888 2083 619 2182 717 
889 2097 654 2197 753 
890 2106 715 2206 814 
891 2105 797 2209 901 
892 2105 920 2204 1019 
893 2098 1170 2204 1275 
894 2123 1110 2224 1210 
895 2123 1110 2224 1210 
896 2141 1048 2247 1153 
897 2163 994 2267 1097 
898 2180 942 2292 1053 
899 2180 942 2292 1053 
900 2217 846 2330 957 
901 2236 810 2347 921 
902 2251 776 2366 889 
903 2262 749 2382 867 
904 2267 731 2389 853 
905 2269 730 2390 850 
906 2269 730 2387 847 
907 2267 757 2383 872 
908 2267 757 2383 872 
909 2262 779 2379 895 
910 2253 806 2380 932 
911 2236 839 2366 966 
912 2203 883 2325 1004 
913 2152 935 2273 1054 
914 2097 992 2215 1110 
915 2041 1056 2158 1172 
916 1986 1124 2102 1237 
917 1936 1196 2046 1306 
918 1878 1274 1985 1381 
919 1843 1238 1949 1343 
920 1843 1238 1949 1343 
921 1836 1185 1946 1294 
922 1827 1141 1937 1250 
923 1816 1101 1927 1211 
924 1805 1065 1918 1176 
925 1797 1034 1908 1145 
926 1779 1009 1896 1125 
927 1766 992 1881 1107 
928 1751 980 1867 1096 
929 1737 975 1852 1089 
930 1718 978 1833 1092 
931 1684 1008 1795 1119 
932 1627 1069 1738 1181 
933 1569 1152 1681 1263 
934 1515 1237 1626 1348 
935 1475 1276 1585 1385 
936 1463 1208 1570 1314 
937 1448 1141 1556 1248 
938 1432 1080 1540 1188 
939 1415 1024 1525 1132 
940 1398 974 1507 1081 
941 1382 928 1491 1036 
942 1361 888 1472 999 
943 1297 825 1412 939 
944 1262 809 1369 917 
945 1262 809 1369 917 
947 1181 798 1286 903 
948 1137 806 1240 910 
949 1137 806 1240 910 
950 1024 857 1131 964 
951 952 923 1053 1023 
952 884 995 988 1100 
953 819 1074 924 1178 
954 761 1151 865 1255 
955 735 1079 835 1178 
956 706 1008 806 1107 
957 678 943 778 1042 
958 647 881 747 980 
959 619 824 719 923 
960 590 773 690 872 
961 560 726 662 827 
962 531 686 635 789 
963 504 651 607 754 
964 481 621 583 724 
965 458 601 556 699 
966 437 586 537 684 
967 424 577 522 674 
968 415 578 511 673 
969 409 589 505 685 
