0 785 427 838 480 
1 765 456 818 510 
2 752 421 804 473 
3 742 390 794 442 
9 669 262 721 314 
10 658 251 709 302 
11 647 240 697 290 
12 636 231 686 281 
13 626 225 677 275 
14 617 222 668 273 
15 608 222 660 273 
16 599 225 655 280 
17 588 237 642 291 
18 575 257 631 312 
19 558 285 613 340 
21 505 393 561 449 
22 479 460 535 516 
24 439 482 496 539 
25 423 445 478 500 
26 404 406 462 464 
27 389 375 445 431 
29 354 320 411 377 
30 338 305 394 361 
31 319 290 376 346 
32 305 281 361 337 
33 290 280 347 337 
34 276 286 336 346 
35 258 303 318 362 
36 232 335 292 395 
37 200 389 260 449 
38 168 458 229 519 
39 138 534 200 596 
40 110 603 174 666 
41 88 559 150 621 
42 64 515 129 579 
43 41 479 104 542 
44 18 440 82 504 
45 0 408 59 471 
113 0 1234 89 1342 
114 22 1288 130 1394 
115 32 1239 139 1345 
116 43 1193 151 1300 
117 55 1151 164 1259 
118 68 1117 178 1224 
119 84 1084 195 1193 
120 104 1059 212 1166 
121 130 1037 241 1147 
122 163 1017 276 1128 
123 201 995 315 1107 
124 249 974 358 1081 
125 296 946 406 1054 
126 346 925 455 1032 
127 396 914 503 1020 
128 443 920 552 1028 
129 505 953 613 1060 
130 579 1012 685 1117 
131 651 1088 756 1192 
132 722 1168 823 1268 
133 786 1249 890 1353 
134 820 1207 918 1305 
135 850 1152 948 1249 
136 880 1100 978 1196 
137 912 1050 1010 1147 
138 944 1007 1042 1104 
139 971 965 1079 1072 
140 1016 931 1125 1039 
141 1067 901 1168 1000 
142 1116 869 1214 966 
143 1163 842 1259 938 
144 1206 821 1302 915 
145 1248 808 1344 904 
146 1330 827 1424 920 
147 1376 853 1471 947 
148 1376 853 1471 947 
149 1376 853 1471 947 
150 1463 941 1558 1035 
151 1504 994 1595 1085 
152 1544 1050 1631 1137 
153 1570 1020 1655 1105 
154 1592 958 1681 1048 
155 1619 911 1704 996 
167 1967 840 2043 916 
168 2004 896 2084 975 
169 2039 931 2120 1011 
170 2069 880 2149 959 
171 2097 834 2178 914 
172 2125 790 2206 871 
173 2153 752 2234 832 
174 2181 721 2260 799 
175 2208 689 2287 768 
177 2255 638 2334 716 
178 2275 619 2353 695 
179 2294 599 2372 677 
180 2304 583 2384 663 
181 2317 578 2393 654 
182 2325 574 2400 649 
184 2329 597 2405 673 
201 2428 356 2492 422 
207 2470 348 2531 411 
226 2313 454 2370 511 
227 2287 497 2343 552 
228 2257 541 2315 599 
229 2232 581 2290 639 
230 2229 542 2288 600 
231 2225 508 2283 565 
232 2221 476 2278 533 
233 2215 448 2273 506 
234 2210 425 2266 481 
235 2203 403 2258 458 
236 2193 386 2249 442 
243 2109 331 2160 381 
244 2096 339 2146 389 
245 2078 357 2129 408 
246 2052 386 2104 437 
247 2007 455 2057 505 
248 2007 455 2057 505 
249 2007 455 2057 505 
250 1970 497 2024 551 
251 1967 464 2021 517 
252 1964 434 2017 487 
253 1960 406 2013 458 
254 1957 382 2007 432 
255 1952 357 2005 409 
256 1947 341 1998 392 
257 1940 324 1991 375 
259 1924 301 1975 351 
263 1884 276 1936 328 
264 1875 274 1929 327 
265 1866 278 1920 331 
266 1858 288 1911 341 
267 1846 307 1899 360 
268 1831 339 1883 391 
269 1814 382 1865 433 
270 1800 429 1852 481 
271 1785 478 1839 532 
272 1773 517 1825 570 
274 1770 452 1822 504 
275 1768 425 1820 477 
276 1768 400 1821 453 
277 1766 378 1819 430 
278 1764 359 1817 412 
280 1761 331 1815 385 
281 1755 321 1812 378 
282 1751 311 1807 367 
283 1743 306 1798 361 
284 1734 302 1790 357 
285 1724 303 1779 357 
286 1709 306 1766 363 
287 1693 315 1750 371 
288 1673 333 1729 389 
289 1648 364 1703 418 
290 1619 401 1673 456 
291 1590 439 1646 495 
292 1564 484 1619 539 
293 1537 531 1592 585 
294 1524 522 1578 576 
295 1515 489 1570 545 
296 1498 436 1552 490 
297 1488 411 1544 466 
298 1488 411 1544 466 
299 1488 411 1544 466 
300 1471 376 1524 429 
301 1459 375 1513 428 
302 1437 401 1492 455 
303 1415 445 1470 499 
304 1390 489 1448 546 
305 1369 543 1424 598 
306 1359 517 1416 574 
307 1350 486 1408 543 
308 1343 458 1399 514 
309 1335 431 1390 487 
310 1327 408 1383 464 
311 1317 387 1374 444 
312 1309 371 1364 426 
313 1297 360 1352 415 
314 1284 355 1339 410 
315 1272 351 1329 408 
316 1261 356 1317 412 
318 1242 407 1298 462 
319 1237 453 1293 509 
320 1233 506 1290 563 
321 1230 565 1287 622 
322 1229 598 1284 654 
323 1231 567 1289 624 
324 1234 539 1293 598 
325 1236 514 1296 574 
326 1239 497 1296 553 
327 1242 478 1301 537 
328 1245 461 1306 523 
329 1243 448 1306 511 
330 1242 439 1305 502 
331 1232 434 1301 502 
333 1209 425 1276 493 
334 1194 428 1258 492 
335 1171 437 1235 500 
336 1145 459 1209 524 
337 1111 504 1175 568 
338 1080 551 1144 615 
339 1050 602 1113 666 
340 1020 659 1083 721 
341 1002 655 1065 717 
342 990 616 1053 678 
343 976 579 1041 643 
344 964 547 1028 611 
345 951 519 1015 582 
346 924 480 987 543 
347 908 468 970 531 
348 908 468 970 531 
349 908 468 970 531 
350 877 445 943 511 
351 861 439 926 504 
352 844 435 910 501 
353 827 438 893 503 
354 812 444 878 510 
355 796 457 864 525 
356 778 486 848 555 
357 752 538 820 606 
358 729 599 797 667 
359 706 665 774 732 
360 684 733 752 802 
361 670 694 737 759 
362 653 652 721 720 
363 638 616 706 683 
364 622 582 690 649 
365 607 550 676 618 
366 590 523 662 594 
367 573 505 644 575 
368 558 498 629 569 
369 530 522 602 594 
370 499 567 570 638 
371 468 620 538 689 
372 438 675 507 744 
373 407 731 478 803 
374 384 744 456 815 
375 365 705 438 777 
376 349 674 418 743 
377 330 640 402 712 
378 314 614 385 685 
379 296 589 368 661 
380 278 569 352 642 
381 261 552 334 626 
382 244 539 318 613 
383 227 530 301 605 
384 210 528 285 602 
385 196 534 270 608 
386 177 566 251 640 
387 158 626 233 700 
388 142 692 217 766 
389 126 762 200 835 
390 112 785 186 859 
391 95 739 170 814 
392 79 697 155 772 
393 63 662 139 736 
394 46 625 123 701 
439 2 708 75 781 
440 27 754 99 825 
441 27 704 100 776 
442 28 663 101 734 
443 31 624 103 696 
444 33 588 105 660 
445 37 558 108 629 
446 42 533 112 602 
450 54 472 127 544 
452 69 461 141 532 
453 85 470 157 541 
454 113 494 186 567 
455 145 536 217 608 
456 177 585 248 656 
457 209 634 278 703 
458 249 665 318 733 
459 257 623 325 691 
460 263 584 333 653 
461 271 550 340 619 
462 281 521 348 588 
463 290 495 357 561 
464 299 471 366 538 
465 307 452 375 519 
466 317 437 384 504 
467 327 425 394 492 
468 336 417 403 484 
469 350 413 417 480 
470 350 413 417 480 
471 365 410 434 478 
472 381 412 449 479 
473 397 417 465 484 
475 436 462 504 530 
476 459 508 526 575 
477 481 561 547 626 
478 503 616 569 682 
479 526 677 590 742 
480 532 661 598 727 
481 536 629 601 694 
482 540 597 607 664 
483 551 549 618 615 
484 557 529 625 597 
485 557 529 625 597 
487 576 500 642 566 
488 586 487 655 557 
489 598 477 667 546 
490 614 465 683 534 
491 639 456 704 520 
492 660 446 724 511 
493 684 440 749 504 
494 707 441 770 503 
495 730 443 793 506 
496 751 451 816 516 
497 778 472 843 537 
498 839 568 904 634 
499 839 568 904 634 
500 893 696 958 761 
501 902 667 966 730 
502 910 623 975 688 
503 918 581 983 647 
504 925 548 990 612 
505 934 515 998 579 
506 943 487 1006 549 
507 952 464 1015 527 
508 962 444 1026 508 
509 971 430 1035 493 
510 979 418 1043 482 
511 986 411 1052 476 
512 995 412 1059 476 
513 1006 424 1071 488 
514 1022 451 1087 516 
515 1038 493 1103 558 
516 1050 545 1115 610 
517 1062 602 1126 666 
518 1074 661 1136 724 
519 1080 646 1141 707 
520 1086 606 1147 667 
521 1091 569 1152 629 
522 1096 534 1158 594 
523 1101 503 1162 564 
524 1106 474 1169 537 
525 1113 454 1175 516 
526 1117 437 1180 499 
527 1123 425 1186 487 
528 1127 417 1190 480 
529 1130 412 1194 477 
530 1136 414 1200 477 
531 1141 419 1204 483 
532 1145 431 1208 493 
533 1148 448 1212 511 
534 1151 480 1214 542 
535 1152 516 1216 580 
536 1154 557 1217 620 
537 1156 601 1219 665 
538 1158 650 1220 712 
539 1158 640 1219 701 
540 1156 605 1220 669 
541 1158 578 1220 641 
542 1157 553 1220 615 
543 1157 528 1221 592 
544 1157 511 1221 574 
545 1158 497 1220 559 
546 1157 485 1220 547 
547 1158 477 1222 541 
548 1160 473 1224 537 
549 1160 473 1224 537 
550 1163 479 1226 542 
551 1165 488 1228 551 
552 1168 501 1231 564 
553 1169 518 1233 581 
554 1171 538 1235 601 
555 1174 562 1236 625 
556 1176 591 1238 653 
557 1177 621 1239 684 
558 1180 657 1240 718 
559 1181 646 1242 707 
560 1183 625 1243 685 
561 1185 604 1246 664 
562 1187 589 1246 648 
563 1188 573 1250 634 
564 1190 565 1251 626 
565 1189 562 1250 623 
566 1188 561 1249 622 
568 1182 563 1243 623 
569 1179 562 1239 622 
570 1175 560 1235 619 
571 1172 558 1231 617 
572 1169 555 1229 614 
573 1167 552 1227 611 
574 1166 548 1225 608 
575 1164 543 1224 603 
576 1163 537 1222 597 
577 1159 529 1221 591 
578 1156 525 1217 587 
579 1150 521 1214 585 
580 1145 523 1208 587 
581 1141 526 1204 588 
582 1137 527 1200 590 
583 1134 528 1196 590 
584 1132 525 1194 587 
585 1136 521 1196 581 
586 1144 510 1204 570 
587 1155 489 1218 551 
588 1171 460 1235 524 
589 1185 419 1251 484 
590 1193 367 1258 431 
591 1197 313 1259 374 
592 1195 257 1261 324 
593 1198 211 1261 273 
594 1198 162 1264 228 
595 1200 121 1264 186 
596 1199 81 1264 146 
597 1198 12 1264 77 
598 1198 12 1264 77 
599 1198 12 1264 77 
612 1188 0 1256 52 
613 1188 13 1256 81 
614 1188 49 1254 114 
615 1187 86 1253 152 
616 1185 126 1252 192 
617 1186 170 1251 236 
618 1184 222 1247 286 
619 1182 270 1246 335 
620 1181 325 1243 386 
621 1183 364 1247 427 
622 1184 396 1247 459 
623 1183 424 1245 485 
624 1178 450 1238 510 
625 1168 472 1231 535 
626 1159 493 1223 557 
627 1150 512 1213 574 
628 1144 521 1207 583 
629 1145 526 1205 587 
630 1149 524 1211 585 
631 1167 510 1228 571 
632 1191 479 1254 541 
634 1226 364 1287 425 
635 1224 293 1286 356 
636 1223 226 1285 290 
637 1221 158 1287 224 
638 1221 96 1284 160 
639 1217 35 1282 100 
640 1212 0 1281 42 
667 1110 10 1179 78 
668 1105 66 1173 135 
670 1100 197 1162 259 
680 1168 345 1231 408 
681 1179 352 1244 417 
682 1193 366 1256 428 
683 1210 387 1269 446 
684 1227 418 1284 475 
686 1269 522 1328 580 
687 1289 583 1347 640 
688 1301 569 1358 625 
689 1310 525 1367 581 
690 1320 485 1376 541 
691 1330 448 1385 503 
692 1339 409 1398 467 
693 1349 382 1405 438 
694 1358 357 1414 413 
695 1367 336 1423 393 
696 1376 324 1433 381 
697 1385 320 1440 375 
698 1393 320 1449 376 
699 1393 320 1449 376 
700 1410 336 1464 391 
701 1416 350 1473 406 
702 1421 367 1473 419 
704 1422 400 1475 453 
714 1466 132 1519 185 
715 1466 74 1523 130 
716 1466 22 1525 81 
746 1449 31 1508 91 
747 1450 86 1504 140 
748 1447 145 1499 198 
749 1447 145 1499 198 
761 1418 338 1468 388 
766 1421 175 1474 228 
767 1429 119 1483 173 
768 1438 68 1493 123 
769 1442 24 1503 85 
796 1605 30 1661 85 
797 1610 78 1665 132 
798 1612 132 1666 185 
799 1612 132 1666 185 
800 1615 230 1670 284 
801 1622 252 1674 304 
802 1627 268 1681 321 
805 1654 300 1709 355 
806 1665 314 1721 370 
807 1680 334 1735 389 
808 1698 368 1751 422 
809 1716 419 1770 473 
810 1729 477 1785 533 
811 1743 538 1799 594 
812 1752 550 1809 606 
813 1761 514 1818 569 
814 1770 478 1826 534 
815 1779 444 1836 501 
816 1789 418 1844 473 
817 1795 388 1852 446 
818 1804 366 1862 424 
819 1812 353 1870 411 
820 1821 350 1877 406 
821 1832 357 1891 416 
822 1852 386 1911 444 
823 1872 433 1929 491 
824 1887 488 1947 547 
825 1902 547 1962 606 
826 1917 609 1977 668 
827 1931 583 1990 641 
828 1944 546 2003 605 
829 1957 512 2017 572 
830 1970 481 2030 541 
831 1983 456 2041 514 
832 1994 431 2053 490 
833 2003 412 2063 472 
834 2010 400 2070 459 
835 2020 396 2077 453 
836 2028 395 2084 451 
837 2034 402 2091 459 
838 2041 416 2099 474 
840 2062 456 2119 513 
841 2073 473 2130 530 
842 2082 483 2140 541 
843 2095 482 2153 540 
846 2189 359 2250 421 
847 2201 292 2263 353 
848 2201 292 2263 353 
849 2201 292 2263 353 
850 2216 167 2286 236 
851 2225 107 2293 175 
852 2234 52 2301 119 
853 2242 2 2307 65 
878 2219 2 2286 67 
879 2211 53 2278 118 
880 2202 109 2269 176 
881 2193 170 2260 236 
882 2185 231 2249 296 
883 2175 297 2242 363 
884 2176 331 2241 395 
885 2178 353 2242 416 
886 2187 371 2251 435 
887 2198 387 2265 454 
888 2215 403 2281 470 
889 2230 425 2297 491 
890 2244 456 2314 524 
891 2261 512 2330 580 
892 2272 582 2343 651 
893 2287 664 2354 731 
894 2297 747 2366 817 
895 2313 712 2384 782 
896 2346 627 2417 698 
897 2363 589 2435 660 
898 2363 589 2435 660 
899 2377 553 2452 627 
900 2406 491 2480 564 
901 2424 463 2499 539 
903 2444 435 2522 513 
911 2461 513 2541 592 
912 2436 555 2504 624 
913 2405 593 2479 666 
914 2375 638 2449 712 
915 2342 687 2417 762 
916 2310 741 2385 815 
917 2276 797 2352 872 
918 2256 830 2330 903 
919 2255 789 2331 864 
920 2255 754 2330 829 
921 2253 721 2331 798 
922 2252 696 2328 771 
923 2250 673 2326 748 
924 2246 651 2322 727 
925 2241 636 2319 712 
926 2238 623 2315 699 
927 2233 615 2311 692 
928 2227 613 2303 688 
929 2219 614 2296 690 
930 2203 629 2282 707 
931 2164 675 2244 755 
932 2123 740 2203 819 
933 2083 808 2162 886 
934 2050 862 2127 939 
935 2045 813 2121 888 
936 2038 767 2114 842 
937 2030 725 2107 801 
938 2021 687 2098 763 
939 2013 653 2088 728 
940 2002 621 2080 699 
941 1990 597 2068 674 
942 1973 574 2053 654 
943 1954 561 2030 637 
944 1931 551 2007 626 
945 1879 548 1955 623 
946 1906 546 1982 622 
947 1847 557 1924 634 
948 1812 574 1889 651 
949 1812 574 1889 651 
950 1704 657 1784 737 
951 1646 725 1723 802 
952 1588 798 1663 873 
953 1531 873 1606 948 
954 1511 825 1586 899 
955 1490 775 1565 850 
956 1470 729 1544 804 
957 1449 686 1525 761 
958 1426 644 1505 724 
959 1405 611 1480 686 
960 1383 579 1458 654 
961 1359 552 1435 627 
962 1333 530 1409 605 
963 1307 511 1384 587 
964 1280 500 1354 574 
965 1254 493 1326 565 
966 1229 490 1302 562 
967 1205 495 1277 568 
968 1182 505 1255 579 
969 1156 532 1229 604 
970 1137 574 1209 645 
971 1123 620 1196 693 
972 1108 672 1181 744 
973 1097 724 1169 796 
974 1088 760 1159 831 
