0 465 561 522 619 
1 450 528 505 583 
2 433 495 490 552 
3 417 464 475 521 
4 400 433 461 493 
5 385 409 446 468 
10 317 333 377 393 
11 308 324 368 384 
12 301 319 361 379 
13 295 315 355 375 
14 290 315 352 377 
15 286 319 351 382 
16 282 329 349 395 
17 278 341 351 415 
18 272 380 337 445 
20 241 505 305 568 
21 227 585 290 648 
22 212 670 276 734 
23 196 654 260 717 
24 177 607 244 674 
25 160 570 226 635 
26 142 534 206 598 
27 124 498 191 565 
28 105 469 171 535 
29 89 452 155 517 
30 73 440 140 506 
31 58 427 127 496 
32 47 426 118 496 
33 35 433 107 504 
34 23 453 94 524 
35 4 488 76 560 
36 0 547 57 621 
99 296 1339 419 1440 
100 319 1285 444 1408 
101 342 1236 470 1361 
102 372 1197 495 1318 
103 402 1163 522 1281 
104 433 1137 553 1256 
105 468 1122 589 1241 
106 510 1122 632 1241 
107 565 1142 687 1263 
108 640 1189 761 1308 
109 722 1256 846 1379 
110 806 1332 927 1440 
118 1191 1320 1307 1434 
119 1224 1290 1336 1399 
122 1330 1186 1447 1300 
123 1358 1146 1473 1261 
124 1386 1107 1498 1218 
125 1410 1071 1521 1181 
126 1436 1046 1543 1152 
127 1455 1039 1560 1143 
129 1525 1088 1629 1192 
130 1567 1146 1671 1247 
131 1611 1203 1716 1306 
132 1653 1265 1757 1369 
133 1687 1257 1789 1358 
134 1716 1193 1816 1292 
135 1744 1128 1847 1230 
136 1775 1077 1874 1174 
141 1913 855 2007 949 
142 1933 819 2027 912 
143 1951 786 2046 881 
144 1962 766 2054 860 
224 1979 283 2026 330 
226 1931 358 1979 406 
227 1909 400 1957 448 
228 1885 445 1935 494 
230 1874 401 1922 449 
231 1870 374 1917 421 
232 1864 352 1909 397 
233 1858 327 1904 373 
234 1852 308 1897 354 
240 1786 242 1832 287 
243 1746 253 1790 297 
246 1679 324 1725 371 
247 1656 359 1703 406 
248 1633 395 1681 443 
249 1614 427 1662 476 
250 1607 395 1655 443 
251 1600 366 1649 414 
252 1592 339 1643 389 
253 1586 316 1634 364 
258 1546 243 1592 289 
259 1538 234 1585 282 
260 1530 230 1577 277 
261 1521 226 1571 276 
264 1505 226 1553 274 
265 1502 231 1551 279 
266 1498 247 1548 296 
267 1494 273 1543 322 
271 1471 448 1528 505 
272 1471 436 1521 485 
273 1473 405 1522 454 
274 1473 378 1522 427 
275 1474 354 1523 403 
277 1470 315 1522 367 
278 1469 300 1523 355 
279 1469 287 1524 342 
280 1471 275 1523 328 
281 1470 267 1523 320 
282 1466 262 1520 315 
283 1462 259 1516 312 
284 1455 259 1510 314 
285 1443 261 1499 317 
286 1431 269 1488 325 
287 1416 285 1473 342 
288 1397 313 1454 368 
289 1377 351 1431 405 
291 1339 439 1390 490 
292 1320 487 1371 538 
293 1305 508 1356 559 
294 1297 475 1350 527 
295 1288 449 1340 500 
296 1280 424 1331 476 
297 1271 402 1323 454 
298 1261 381 1314 434 
299 1252 364 1307 418 
300 1243 356 1298 411 
301 1231 375 1286 430 
302 1214 421 1268 474 
303 1198 468 1253 523 
304 1182 520 1236 574 
305 1171 526 1226 581 
306 1163 495 1218 550 
307 1156 467 1210 521 
308 1147 441 1202 495 
309 1140 418 1195 473 
310 1130 396 1186 452 
311 1122 380 1178 435 
312 1113 371 1167 425 
313 1101 362 1158 419 
314 1095 361 1151 417 
315 1090 366 1146 421 
316 1086 376 1143 433 
317 1086 406 1143 463 
318 1094 451 1152 509 
319 1106 503 1165 561 
320 1118 560 1176 618 
321 1130 620 1189 678 
322 1141 589 1200 647 
323 1151 564 1209 621 
324 1162 535 1221 594 
325 1172 511 1235 573 
326 1181 492 1243 553 
327 1192 474 1255 536 
328 1200 460 1265 524 
329 1206 450 1270 514 
330 1210 443 1274 506 
331 1210 437 1275 502 
332 1205 437 1271 502 
333 1197 439 1264 504 
334 1184 448 1250 513 
335 1165 470 1231 535 
336 1139 513 1206 579 
337 1112 565 1179 631 
338 1085 625 1149 689 
340 1037 718 1102 782 
341 1022 679 1087 742 
342 1008 642 1074 707 
343 994 610 1061 676 
344 981 581 1048 647 
345 966 554 1034 622 
346 952 540 1020 607 
347 940 530 1006 596 
348 927 520 995 587 
349 915 511 983 579 
350 906 506 974 574 
351 895 503 965 572 
352 888 504 958 574 
353 882 513 952 582 
354 876 525 949 597 
355 871 553 944 625 
356 857 606 929 678 
357 841 673 915 747 
358 825 746 899 820 
359 810 825 884 898 
360 798 819 871 891 
361 783 777 857 850 
362 768 739 843 813 
363 754 702 830 777 
364 739 670 816 746 
365 725 643 802 720 
366 710 623 788 699 
367 698 612 778 690 
368 679 634 757 711 
369 650 687 728 765 
370 621 748 701 828 
371 594 817 673 895 
372 566 887 646 967 
373 543 939 624 1019 
374 528 901 606 977 
375 511 864 590 942 
376 495 831 575 910 
377 479 802 560 882 
378 464 777 545 858 
379 446 754 530 837 
380 432 738 515 821 
381 416 726 500 809 
382 401 718 486 802 
383 387 716 471 800 
384 373 722 457 805 
385 358 753 443 838 
386 339 823 424 907 
387 322 902 410 989 
388 308 986 396 1074 
389 296 1054 384 1143 
390 278 1000 368 1089 
391 262 957 352 1045 
392 249 914 337 1002 
393 231 875 320 963 
394 217 839 306 928 
395 202 811 293 901 
396 185 792 279 885 
397 172 789 266 881 
398 152 808 248 903 
399 120 859 215 954 
400 94 929 189 1024 
401 69 1008 167 1105 
402 43 1088 144 1189 
403 25 1165 123 1262 
404 3 1116 98 1211 
405 1 1073 76 1166 
406 0 1034 53 1123 
434 0 800 52 887 
435 0 815 66 899 
436 6 852 95 940 
437 38 908 127 997 
438 71 969 160 1057 
439 103 1036 190 1124 
440 103 988 188 1073 
441 101 936 186 1020 
442 100 888 185 973 
443 99 844 184 928 
444 99 804 184 889 
445 100 769 185 853 
446 102 741 186 823 
447 104 713 188 797 
448 110 695 191 776 
449 114 683 194 763 
450 117 675 201 758 
451 127 680 210 762 
452 150 698 233 780 
453 178 739 260 819 
454 203 786 284 867 
455 227 831 315 918 
456 256 892 335 971 
457 268 890 346 968 
458 266 839 344 916 
459 271 792 350 870 
460 273 750 351 827 
461 275 713 353 789 
462 278 679 356 755 
463 283 649 360 725 
464 287 624 364 700 
465 292 603 369 679 
466 299 588 374 662 
467 306 577 380 650 
468 312 566 389 642 
469 324 559 401 636 
470 343 557 420 634 
471 363 562 438 636 
472 383 571 457 645 
473 411 597 485 670 
474 446 641 519 714 
475 484 693 557 766 
476 520 748 592 821 
477 555 808 628 881 
478 577 819 648 890 
479 585 780 657 851 
480 594 745 667 817 
481 603 712 680 787 
482 615 682 690 757 
483 628 661 701 734 
484 640 641 712 712 
485 654 622 727 694 
486 669 606 744 680 
487 687 591 761 665 
488 705 575 779 649 
489 727 561 797 631 
490 745 546 817 617 
491 765 533 837 604 
492 784 528 855 599 
493 803 526 873 596 
494 824 532 893 600 
495 845 543 915 613 
496 874 576 943 645 
497 904 629 972 696 
498 931 689 998 755 
499 958 747 1027 815 
500 973 750 1039 816 
501 979 702 1047 769 
502 986 658 1054 725 
503 993 618 1060 685 
504 999 580 1067 647 
505 1009 551 1073 615 
506 1016 520 1083 586 
508 1033 481 1098 546 
509 1039 470 1103 533 
510 1043 464 1105 525 
511 1045 456 1109 520 
512 1048 461 1114 527 
513 1055 480 1124 549 
514 1068 519 1134 585 
515 1076 568 1143 634 
516 1085 624 1150 689 
517 1093 680 1158 745 
518 1098 694 1163 758 
519 1101 653 1165 716 
520 1105 612 1169 675 
521 1107 574 1171 638 
522 1111 542 1174 605 
523 1114 512 1178 576 
524 1118 486 1183 551 
525 1123 469 1186 532 
526 1126 454 1188 517 
527 1128 443 1191 507 
528 1130 439 1194 503 
529 1132 437 1196 502 
530 1136 440 1200 505 
531 1140 450 1203 513 
532 1142 463 1207 527 
533 1144 491 1208 554 
534 1145 527 1209 591 
535 1147 567 1211 631 
536 1149 611 1213 676 
538 1152 672 1216 736 
539 1152 639 1216 703 
540 1152 610 1216 673 
541 1151 584 1215 647 
543 1151 540 1214 603 
544 1151 523 1215 586 
545 1151 511 1214 573 
546 1152 503 1216 565 
547 1154 495 1219 559 
548 1155 495 1220 558 
549 1157 497 1222 561 
550 1157 503 1223 568 
551 1160 516 1225 580 
552 1162 531 1227 595 
553 1165 552 1229 615 
554 1167 574 1232 638 
555 1169 600 1233 664 
556 1172 630 1236 694 
557 1175 662 1239 726 
558 1177 672 1240 734 
559 1178 648 1241 710 
560 1179 629 1240 689 
561 1181 610 1243 671 
562 1182 596 1243 657 
563 1184 585 1245 645 
564 1183 582 1243 641 
565 1178 578 1240 640 
566 1176 579 1238 641 
567 1173 580 1235 642 
568 1170 578 1233 641 
569 1169 578 1231 640 
570 1165 576 1228 639 
571 1163 576 1224 637 
572 1160 572 1223 634 
573 1158 567 1222 631 
574 1159 563 1223 627 
575 1159 563 1220 623 
583 1133 556 1194 617 
584 1132 548 1195 611 
585 1137 538 1200 601 
588 1168 452 1232 517 
590 1179 345 1243 408 
591 1179 291 1241 353 
592 1178 239 1242 302 
593 1178 189 1243 254 
594 1177 144 1244 211 
595 1176 102 1244 171 
596 1177 64 1244 130 
597 1175 30 1245 99 
598 1176 2 1245 70 
611 1180 1 1248 57 
612 1180 14 1249 82 
613 1179 47 1249 118 
614 1181 83 1250 152 
615 1181 124 1252 194 
616 1185 169 1250 234 
617 1186 218 1252 284 
618 1186 269 1251 334 
619 1187 323 1252 388 
621 1182 404 1246 467 
623 1180 460 1243 523 
624 1173 486 1236 549 
625 1167 509 1229 571 
630 1161 536 1223 598 
631 1183 510 1246 572 
632 1207 461 1271 525 
634 1225 324 1285 383 
635 1219 255 1283 319 
636 1214 186 1281 253 
637 1209 121 1278 189 
638 1205 59 1274 127 
639 1201 3 1269 68 
666 1094 10 1159 76 
667 1090 68 1155 133 
668 1088 131 1156 198 
669 1088 197 1153 262 
670 1087 263 1149 324 
671 1091 293 1154 356 
672 1092 316 1155 378 
673 1094 332 1157 395 
674 1095 343 1158 407 
675 1100 352 1160 412 
676 1102 355 1162 415 
677 1104 358 1164 419 
678 1105 359 1165 420 
679 1108 365 1169 426 
680 1112 371 1174 432 
681 1119 382 1179 442 
682 1127 401 1184 458 
683 1136 423 1193 479 
684 1148 461 1206 518 
685 1161 514 1220 572 
686 1174 569 1233 628 
687 1184 587 1242 644 
688 1189 541 1247 598 
689 1195 499 1251 554 
690 1200 460 1255 515 
691 1205 423 1260 478 
692 1210 390 1266 445 
693 1215 362 1270 417 
695 1228 324 1284 381 
696 1231 311 1290 370 
697 1236 310 1293 368 
698 1241 314 1298 370 
699 1245 323 1301 379 
700 1244 336 1299 391 
701 1243 351 1296 403 
712 1218 197 1271 249 
713 1216 138 1272 194 
714 1216 83 1270 137 
715 1214 30 1271 86 
717 1127 229 1181 284 
718 1126 229 1181 284 
719 1126 229 1182 284 
720 1126 229 1181 284 
721 1127 228 1181 283 
723 1129 228 1185 284 
724 1132 228 1187 284 
725 1135 228 1190 284 
726 1137 229 1191 284 
727 1138 228 1193 283 
728 1140 229 1193 282 
729 1141 228 1195 283 
730 1143 228 1197 283 
731 1144 228 1198 283 
732 1145 228 1200 283 
733 1145 228 1200 283 
734 1146 227 1201 283 
735 1146 227 1202 283 
736 1146 227 1202 283 
737 1147 227 1202 283 
738 1147 227 1203 283 
739 1147 227 1202 283 
740 1146 227 1201 282 
741 1146 226 1201 282 
742 1146 226 1201 281 
743 1143 226 1198 281 
744 1142 226 1197 280 
745 1212 9 1268 63 
746 1211 59 1268 115 
747 1213 115 1267 170 
748 1214 174 1269 229 
764 1173 221 1226 274 
765 1177 181 1230 233 
766 1180 129 1236 185 
767 1186 79 1241 133 
768 1189 30 1246 87 
771 1117 219 1175 277 
772 1118 218 1177 277 
773 1118 218 1176 276 
774 1119 218 1177 275 
775 1119 217 1177 275 
795 1338 0 1390 50 
796 1343 43 1395 95 
797 1347 93 1398 144 
798 1354 145 1402 192 
799 1359 195 1408 244 
800 1362 219 1411 268 
806 1430 293 1479 342 
807 1446 316 1496 366 
808 1467 355 1517 406 
809 1484 406 1536 457 
810 1503 463 1554 513 
811 1519 505 1569 556 
812 1526 465 1578 517 
813 1536 430 1588 482 
814 1545 400 1596 451 
815 1553 369 1606 422 
816 1560 340 1613 393 
817 1570 316 1624 370 
818 1579 302 1634 356 
819 1588 288 1644 343 
820 1597 291 1654 347 
821 1620 314 1672 367 
822 1638 348 1691 401 
823 1659 395 1712 448 
824 1676 444 1731 498 
825 1693 497 1748 552 
826 1706 503 1760 557 
827 1717 468 1771 521 
828 1728 434 1783 488 
829 1741 405 1794 458 
830 1752 377 1805 430 
831 1763 354 1816 407 
832 1772 334 1826 388 
833 1781 320 1834 373 
834 1786 310 1841 364 
837 1807 321 1861 375 
845 1909 324 1962 378 
848 1946 162 2003 219 
849 1949 107 2010 168 
850 1956 57 2013 114 
851 1960 5 2018 63 
879 1960 23 2019 81 
880 1955 74 2013 133 
881 1952 130 2009 186 
882 1947 187 2004 244 
883 1949 228 2006 285 
884 1953 249 2010 306 
885 1960 265 2016 321 
886 1972 277 2029 334 
887 1988 288 2045 345 
888 2004 305 2063 363 
889 2024 325 2084 385 
890 2043 361 2103 420 
892 2090 483 2149 542 
893 2109 547 2169 607 
894 2125 560 2185 619 
895 2141 522 2199 580 
896 2155 482 2214 541 
897 2169 447 2228 506 
898 2183 412 2243 472 
899 2196 382 2256 442 
900 2209 353 2271 415 
901 2223 328 2286 391 
902 2235 312 2303 379 
910 2299 327 2361 388 
911 2301 348 2367 413 
912 2294 378 2361 444 
913 2280 413 2341 474 
914 2261 455 2323 517 
915 2244 499 2308 561 
916 2226 547 2288 609 
917 2206 595 2271 659 
918 2189 652 2255 717 
919 2194 627 2255 688 
920 2194 593 2260 657 
921 2196 564 2262 630 
922 2198 541 2265 606 
923 2200 520 2266 586 
924 2201 501 2268 567 
925 2202 487 2268 553 
926 2202 473 2269 540 
927 2202 469 2268 534 
928 2201 465 2267 530 
929 2201 467 2265 530 
930 2195 473 2262 539 
931 2177 509 2243 574 
932 2150 564 2217 631 
933 2124 628 2192 695 
934 2098 696 2167 764 
935 2089 672 2160 742 
936 2087 638 2155 703 
937 2083 599 2151 666 
938 2079 568 2146 633 
939 2074 538 2141 603 
940 2069 511 2134 576 
941 2062 489 2128 555 
942 2053 468 2121 537 
943 2038 456 2108 526 
944 2027 448 2096 517 
945 2012 445 2082 514 
946 1997 447 2069 517 
947 1978 455 2051 527 
948 1957 476 2027 545 
949 1927 503 1997 573 
950 1887 552 1958 622 
951 1841 619 1913 691 
952 1797 694 1869 766 
953 1755 774 1825 843 
954 1729 777 1801 848 
955 1713 733 1785 804 
956 1697 691 1769 762 
957 1681 654 1752 724 
958 1664 619 1734 689 
959 1646 586 1718 658 
961 1608 535 1680 607 
962 1586 516 1658 588 
963 1561 504 1631 573 
964 1536 493 1607 563 
965 1507 487 1578 558 
966 1478 487 1550 558 
967 1448 491 1520 563 
968 1417 504 1490 577 
969 1382 530 1456 603 
970 1348 570 1421 643 
971 1320 620 1392 692 
972 1292 676 1364 748 
973 1264 731 1337 804 
974 1240 792 1312 864 
975 1229 749 1299 819 
976 1218 704 1288 773 
977 1208 661 1278 731 
978 1196 622 1266 692 
979 1184 586 1256 658 
980 1173 555 1244 627 
981 1165 529 1234 598 
982 1152 506 1221 575 
983 1137 485 1208 556 
984 1123 473 1191 541 
985 1108 465 1173 530 
986 1091 460 1155 525 
987 1075 461 1139 525 
