1 432 515 495 577 
2 413 473 480 539 
3 396 440 462 505 
4 378 406 445 472 
5 359 375 428 443 
6 341 349 410 418 
7 326 327 395 396 
8 310 309 381 378 
9 299 295 369 365 
10 290 284 359 353 
11 284 273 354 342 
12 279 266 349 335 
13 277 264 346 332 
14 278 262 348 332 
15 281 267 352 337 
16 285 279 358 351 
17 287 299 362 374 
18 291 336 367 411 
19 290 392 366 468 
20 288 483 362 557 
21 283 581 359 657 
22 282 685 359 761 
23 273 700 351 778 
24 256 649 337 729 
25 241 605 321 684 
26 224 558 307 639 
27 211 519 293 600 
28 194 482 277 564 
29 181 457 264 540 
30 168 439 254 525 
31 157 429 243 515 
32 148 428 234 513 
33 140 435 229 523 
34 137 456 227 546 
35 133 499 224 589 
36 129 574 220 665 
37 127 685 220 777 
38 126 805 225 903 
39 128 939 229 1039 
40 117 947 217 1046 
41 99 898 197 993 
42 78 843 180 944 
43 59 795 162 898 
44 38 752 144 856 
45 3 678 110 785 
46 3 678 110 785 
47 0 654 101 763 
48 0 648 91 757 
49 0 648 91 757 
50 0 680 85 793 
51 0 729 89 844 
52 0 797 109 924 
53 25 903 150 1028 
54 91 1033 204 1145 
57 241 1300 357 1414 
58 259 1243 373 1357 
59 272 1185 391 1304 
60 289 1137 411 1257 
61 311 1092 433 1212 
62 334 1053 457 1174 
63 357 1020 482 1144 
64 383 1002 507 1126 
65 409 993 535 1118 
66 433 990 561 1118 
67 456 1003 584 1130 
68 479 1028 611 1160 
69 501 1081 638 1218 
70 530 1173 671 1313 
92 1133 1313 1304 1440 
93 1202 1292 1360 1440 
94 1326 1247 1490 1408 
95 1386 1233 1552 1396 
96 1386 1233 1552 1396 
97 1444 1228 1611 1392 
98 1499 1235 1666 1399 
99 1499 1235 1666 1399 
100 1603 1260 1756 1415 
101 1655 1249 1807 1402 
102 1709 1228 1861 1380 
103 1764 1199 1918 1353 
104 1820 1177 1975 1331 
105 1877 1154 2030 1309 
106 1929 1144 2084 1300 
109 2074 1150 2227 1304 
110 2119 1153 2267 1302 
111 2164 1136 2308 1282 
112 2205 1105 2349 1249 
113 2240 1066 2385 1212 
114 2272 1030 2417 1176 
119 2379 968 2513 1104 
120 2398 956 2527 1086 
121 2421 926 2549 1056 
122 2446 889 2560 1020 
152 2464 739 2546 820 
153 2467 694 2541 766 
154 2466 642 2540 715 
155 2464 589 2545 671 
166 2416 533 2486 605 
185 2277 353 2340 417 
186 2247 399 2309 460 
187 2223 420 2288 485 
188 2219 379 2283 442 
189 2215 342 2276 402 
191 2204 275 2263 334 
203 2114 198 2168 251 
204 2103 231 2157 285 
205 2092 267 2147 321 
206 2080 302 2136 358 
207 2077 310 2131 364 
208 2078 276 2133 330 
209 2080 243 2134 297 
222 1943 87 1994 139 
225 1874 186 1921 233 
226 1852 227 1902 277 
231 1809 201 1854 245 
234 1794 141 1839 186 
235 1786 124 1832 170 
236 1773 109 1821 156 
237 1763 99 1812 148 
238 1750 88 1802 140 
239 1736 83 1793 139 
240 1722 82 1777 137 
241 1707 84 1763 140 
243 1675 104 1726 155 
250 1527 232 1576 281 
251 1519 204 1568 252 
252 1512 180 1561 229 
253 1504 157 1553 206 
259 1452 84 1504 134 
260 1445 79 1496 130 
261 1440 76 1493 128 
262 1438 73 1492 127 
263 1437 76 1489 128 
264 1437 81 1489 133 
266 1437 121 1490 174 
267 1437 160 1491 214 
268 1437 207 1491 260 
269 1437 258 1490 310 
273 1445 251 1499 305 
274 1449 225 1503 279 
275 1450 203 1504 257 
276 1454 181 1511 236 
277 1456 163 1512 219 
278 1460 148 1518 205 
279 1462 136 1520 194 
280 1464 129 1522 187 
281 1463 124 1523 184 
282 1462 121 1522 181 
283 1458 121 1519 181 
284 1451 123 1511 183 
285 1444 131 1504 191 
286 1431 144 1489 202 
287 1416 170 1474 227 
288 1399 209 1459 270 
289 1384 255 1440 311 
290 1368 304 1428 363 
293 1329 371 1386 428 
294 1324 341 1383 400 
295 1316 313 1374 371 
296 1308 288 1368 348 
298 1294 250 1354 310 
299 1294 250 1354 310 
300 1280 250 1341 311 
301 1267 297 1327 357 
302 1254 348 1315 410 
303 1241 407 1302 467 
304 1232 442 1291 501 
305 1226 405 1286 465 
306 1221 373 1282 433 
307 1215 346 1275 405 
308 1209 319 1270 379 
309 1204 298 1263 358 
310 1197 279 1258 339 
311 1190 264 1252 325 
312 1185 256 1247 318 
313 1181 254 1243 316 
314 1179 255 1242 318 
315 1181 267 1243 330 
316 1188 296 1252 359 
317 1204 343 1267 406 
318 1225 398 1289 462 
319 1249 459 1311 523 
320 1272 526 1337 591 
321 1291 507 1360 576 
322 1309 480 1375 544 
323 1324 451 1391 518 
324 1345 424 1410 488 
325 1363 400 1429 466 
326 1384 380 1451 446 
327 1402 364 1468 430 
328 1417 351 1484 418 
329 1428 341 1497 409 
330 1437 334 1508 404 
331 1442 333 1513 404 
332 1444 335 1516 406 
333 1437 343 1511 415 
334 1426 364 1500 437 
335 1410 408 1483 481 
336 1385 470 1457 542 
337 1360 538 1430 608 
338 1337 606 1407 676 
340 1301 631 1371 701 
341 1290 592 1361 663 
342 1280 556 1354 629 
343 1269 526 1341 598 
344 1257 494 1333 569 
345 1247 478 1321 552 
346 1247 478 1321 552 
347 1238 462 1315 540 
348 1231 453 1309 530 
349 1231 453 1309 530 
350 1221 441 1299 518 
351 1220 438 1299 516 
352 1221 438 1302 518 
353 1228 444 1310 527 
354 1233 462 1316 544 
355 1240 488 1325 572 
356 1239 543 1323 626 
357 1230 623 1312 704 
358 1221 706 1304 788 
359 1213 797 1294 878 
360 1206 822 1288 904 
361 1198 776 1281 859 
362 1192 736 1275 818 
363 1185 696 1269 780 
364 1176 658 1264 745 
365 1169 628 1256 716 
366 1160 604 1250 692 
367 1155 592 1244 680 
368 1146 605 1238 696 
369 1126 667 1217 758 
370 1103 743 1195 834 
371 1082 824 1173 915 
372 1060 911 1152 1003 
373 1040 1003 1131 1094 
374 1034 960 1124 1049 
375 1027 921 1117 1010 
376 1018 882 1112 975 
377 1011 851 1105 945 
378 1004 825 1098 918 
379 996 800 1094 896 
380 989 782 1087 880 
381 982 771 1080 868 
382 976 763 1074 861 
383 966 760 1066 860 
384 960 765 1061 866 
385 951 797 1052 898 
386 932 880 1033 980 
387 920 974 1024 1078 
388 907 1078 1011 1182 
389 895 1187 999 1291 
390 889 1135 991 1236 
391 881 1082 985 1185 
392 873 1033 980 1139 
393 866 988 973 1094 
394 851 913 960 1022 
395 842 894 953 1003 
396 842 894 953 1003 
397 835 887 947 998 
398 825 909 938 1021 
399 825 909 938 1021 
400 777 1064 890 1175 
401 753 1160 870 1277 
402 729 1271 846 1387 
404 693 1338 811 1440 
405 677 1286 796 1403 
406 660 1239 780 1358 
407 644 1199 765 1319 
408 628 1163 750 1283 
409 613 1132 735 1253 
410 596 1103 723 1227 
411 582 1085 707 1208 
412 565 1068 694 1194 
413 537 1050 666 1176 
414 511 1035 638 1160 
415 488 1018 614 1142 
416 469 1003 592 1125 
417 450 986 578 1111 
418 441 977 570 1103 
419 438 975 567 1103 
420 441 988 568 1114 
421 448 1025 566 1144 
422 474 1092 580 1198 
424 537 790 650 902 
430 464 762 574 873 
434 427 752 536 862 
436 553 971 674 1091 
437 580 1040 692 1153 
438 600 1109 710 1219 
439 619 1181 728 1290 
440 622 1148 728 1253 
441 619 1086 725 1190 
442 616 1025 723 1130 
443 617 975 720 1076 
444 620 888 715 982 
445 615 925 717 1026 
446 621 847 716 941 
447 613 809 715 911 
448 611 779 715 882 
449 611 779 715 882 
450 612 748 715 852 
451 615 749 717 850 
452 626 766 725 865 
453 636 809 734 905 
454 646 860 742 956 
455 652 912 751 1011 
456 663 974 758 1067 
457 666 991 762 1085 
458 660 925 758 1021 
459 662 875 755 966 
476 863 761 944 841 
477 903 823 984 903 
478 934 854 1017 937 
479 951 808 1031 888 
480 965 764 1049 846 
481 981 722 1067 807 
482 997 689 1082 774 
483 1017 662 1100 744 
484 1035 635 1119 719 
485 1055 613 1138 696 
486 1075 590 1158 673 
487 1093 572 1178 656 
489 1127 531 1212 615 
490 1143 512 1227 595 
491 1161 498 1240 576 
492 1172 483 1253 563 
493 1184 477 1264 557 
494 1206 486 1285 565 
495 1226 516 1302 593 
496 1226 516 1302 593 
497 1246 566 1322 642 
498 1264 627 1340 703 
499 1264 627 1340 703 
500 1295 722 1369 796 
501 1303 664 1379 739 
502 1310 613 1387 689 
503 1319 568 1395 643 
504 1327 523 1403 600 
506 1343 450 1421 526 
507 1350 424 1428 501 
509 1359 386 1434 462 
510 1361 375 1434 448 
511 1361 369 1433 442 
512 1353 371 1429 447 
513 1354 388 1430 465 
514 1358 427 1432 501 
515 1356 479 1428 551 
516 1358 537 1428 608 
522 1372 469 1440 538 
526 1367 364 1447 446 
530 1368 343 1452 428 
531 1370 347 1453 429 
532 1379 360 1455 435 
534 1385 429 1456 499 
535 1383 470 1455 541 
536 1383 518 1453 588 
537 1381 567 1450 636 
538 1381 609 1449 678 
539 1382 568 1450 637 
540 1385 537 1454 604 
541 1386 506 1455 575 
542 1387 478 1457 548 
543 1389 457 1458 526 
544 1388 436 1460 507 
545 1391 423 1461 491 
546 1394 414 1462 481 
547 1395 407 1464 475 
548 1396 404 1465 472 
549 1396 404 1465 472 
550 1397 412 1467 481 
551 1398 421 1468 491 
552 1397 435 1468 506 
553 1400 458 1469 526 
554 1401 481 1471 550 
555 1400 508 1471 578 
556 1402 540 1471 608 
557 1403 574 1471 642 
558 1403 603 1472 672 
559 1406 574 1473 641 
560 1409 554 1473 617 
561 1411 533 1476 597 
562 1413 514 1479 579 
563 1416 504 1479 567 
564 1418 500 1479 562 
590 1417 251 1484 318 
591 1420 190 1490 260 
592 1423 131 1493 201 
593 1427 76 1498 147 
594 1428 23 1501 96 
595 1301 231 1371 302 
596 1299 230 1369 302 
597 1295 231 1366 303 
598 1293 233 1364 305 
599 1295 231 1366 303 
600 1290 234 1362 306 
601 1288 235 1360 308 
602 1286 235 1358 309 
603 1283 235 1357 310 
616 1452 24 1527 100 
617 1451 78 1526 153 
618 1449 135 1522 208 
619 1448 194 1521 267 
620 1296 230 1367 303 
620 1446 251 1517 322 
621 1441 293 1511 364 
622 1440 323 1506 389 
623 1436 354 1500 418 
625 1414 409 1483 479 
631 1424 429 1489 494 
632 1448 377 1514 443 
634 1473 231 1543 302 
635 1473 152 1546 224 
636 1473 76 1545 148 
637 1471 3 1546 78 
661 1275 223 1349 297 
669 1354 0 1429 59 
670 1350 56 1423 130 
671 1346 132 1417 203 
673 1343 201 1410 268 
674 1339 223 1407 291 
675 1334 238 1404 308 
676 1331 245 1401 315 
677 1327 251 1395 318 
678 1321 253 1389 320 
679 1317 254 1384 322 
680 1316 258 1380 323 
681 1313 265 1377 330 
682 1308 275 1373 341 
683 1303 290 1369 356 
684 1303 311 1368 377 
685 1301 347 1368 414 
686 1306 407 1370 470 
687 1308 466 1372 529 
688 1311 512 1374 575 
689 1315 458 1377 520 
690 1318 409 1381 471 
691 1321 366 1382 427 
692 1327 326 1386 386 
693 1331 291 1389 348 
694 1332 255 1392 315 
706 1230 145 1286 202 
713 1253 17 1312 76 
735 1208 102 1268 163 
737 1208 103 1268 163 
738 1208 103 1267 162 
748 1261 21 1323 82 
749 1261 21 1323 82 
750 1254 99 1311 156 
765 1213 60 1272 119 
766 1216 7 1277 67 
773 1168 95 1229 157 
808 1479 206 1535 262 
809 1499 260 1554 315 
810 1517 315 1573 371 
811 1533 375 1590 432 
812 1543 340 1602 399 
813 1556 305 1613 361 
814 1567 272 1623 327 
815 1578 238 1634 294 
816 1589 206 1647 264 
817 1601 182 1657 238 
818 1611 158 1670 217 
819 1622 146 1682 206 
822 1668 192 1726 250 
823 1687 239 1743 295 
824 1700 284 1761 344 
825 1717 340 1775 398 
827 1744 331 1802 388 
828 1755 296 1813 354 
829 1768 263 1826 321 
830 1779 232 1838 290 
831 1793 206 1850 263 
832 1805 187 1861 242 
833 1813 171 1870 227 
887 2027 121 2091 185 
888 2045 133 2108 195 
889 2063 151 2126 213 
890 2087 182 2148 242 
891 2113 233 2173 293 
892 2135 294 2195 353 
893 2158 361 2215 418 
894 2170 401 2231 462 
895 2190 359 2249 417 
896 2206 322 2263 379 
897 2222 283 2280 341 
898 2236 247 2296 307 
899 2236 247 2296 307 
900 2267 186 2328 246 
901 2282 163 2342 222 
902 2293 140 2356 202 
903 2304 126 2370 192 
904 2319 117 2382 181 
905 2332 112 2393 174 
906 2341 110 2404 173 
907 2349 113 2412 175 
910 2372 151 2443 222 
911 2382 165 2447 230 
912 2380 191 2446 256 
913 2372 228 2437 291 
917 2324 405 2388 469 
918 2311 456 2378 523 
919 2312 454 2378 520 
920 2320 425 2385 489 
921 2326 394 2394 462 
922 2335 371 2401 437 
923 2341 349 2408 415 
924 2347 331 2413 397 
925 2351 316 2418 382 
926 2356 305 2422 370 
927 2361 296 2427 362 
928 2364 293 2428 357 
929 2366 293 2430 357 
930 2367 297 2433 362 
931 2359 324 2425 390 
932 2339 379 2405 444 
933 2317 437 2387 507 
934 2293 502 2367 575 
935 2287 517 2358 587 
936 2290 479 2359 547 
937 2293 442 2362 510 
938 2293 408 2364 477 
939 2295 381 2364 448 
940 2296 354 2364 421 
941 2295 331 2363 398 
942 2293 311 2362 380 
943 2289 296 2359 367 
944 2279 286 2350 357 
945 2272 288 2344 359 
946 2272 288 2344 359 
947 2263 295 2337 369 
948 2251 313 2326 387 
949 2251 313 2326 387 
950 2207 390 2279 461 
951 2173 459 2247 532 
952 2138 536 2214 610 
953 2102 619 2178 694 
954 2078 661 2153 734 
956 2066 574 2143 649 
957 2061 536 2138 612 
958 2051 498 2131 577 
959 2046 469 2123 545 
960 2036 442 2113 518 
961 2025 417 2102 494 
962 2010 400 2086 475 
963 1991 385 2067 460 
964 1972 376 2047 450 
965 1947 371 2023 446 
966 1920 369 1998 447 
967 1890 375 1970 454 
968 1856 391 1935 469 
969 1817 416 1895 495 
970 1771 460 1850 539 
971 1729 514 1809 593 
972 1687 573 1767 652 
973 1647 638 1724 715 
974 1606 701 1686 781 
975 1590 688 1666 763 
976 1579 638 1655 714 
977 1566 594 1643 669 
978 1555 553 1630 627 
979 1543 514 1619 589 
980 1530 479 1606 554 
981 1517 450 1593 525 
982 1503 425 1579 500 
983 1487 404 1563 479 
984 1472 387 1548 463 
985 1456 375 1531 450 
986 1437 371 1512 445 
987 1420 370 1495 445 
