0 390 744 462 815 
1 376 709 447 780 
2 362 670 433 740 
3 347 635 416 704 
4 334 602 404 673 
5 317 569 391 643 
6 303 543 378 618 
7 290 524 364 597 
8 283 509 357 581 
9 279 494 352 566 
10 278 480 352 554 
11 279 469 354 544 
12 283 461 357 536 
13 289 457 365 532 
14 298 454 376 531 
15 314 461 393 540 
16 331 476 413 558 
17 348 500 428 581 
18 366 541 447 622 
19 382 607 463 687 
20 398 703 481 785 
21 419 813 499 893 
22 436 925 522 1011 
23 440 914 523 997 
24 436 857 523 944 
25 437 813 520 896 
26 435 765 522 852 
27 434 720 521 807 
28 433 681 523 771 
29 434 658 526 750 
30 436 643 528 735 
31 437 631 531 725 
32 440 630 535 724 
33 446 640 544 737 
34 460 667 558 764 
35 479 714 579 814 
36 505 799 606 900 
37 537 925 635 1023 
38 567 1063 662 1158 
39 597 1207 702 1312 
40 607 1175 706 1274 
41 614 1117 716 1219 
42 619 1064 719 1163 
43 633 963 741 1071 
44 642 919 753 1028 
45 642 919 753 1028 
46 651 884 765 998 
47 656 857 777 977 
48 670 851 792 972 
49 670 851 792 972 
50 707 886 833 1010 
51 739 938 870 1068 
52 798 1018 930 1148 
53 878 1133 994 1248 
54 954 1245 1070 1360 
59 1229 1323 1345 1438 
60 1272 1265 1389 1381 
61 1317 1212 1436 1330 
62 1361 1165 1482 1284 
63 1409 1127 1528 1245 
64 1456 1102 1576 1220 
65 1501 1086 1622 1204 
66 1548 1078 1669 1198 
67 1593 1083 1716 1204 
68 1639 1105 1763 1228 
69 1692 1150 1818 1275 
70 1754 1232 1884 1361 
77 1884 1082 2024 1220 
78 1942 1086 2083 1225 
82 2152 1152 2289 1288 
83 2206 1146 2343 1282 
84 2262 1135 2399 1272 
85 2316 1125 2456 1262 
86 2374 1119 2514 1258 
87 2430 1122 2560 1259 
150 2406 650 2476 719 
151 2364 688 2434 757 
152 2333 715 2399 781 
153 2323 664 2391 731 
154 2316 622 2382 687 
155 2307 582 2373 647 
156 2298 547 2362 611 
157 2286 512 2353 579 
158 2275 485 2341 550 
159 2265 462 2330 526 
160 2253 441 2317 505 
161 2243 427 2306 489 
162 2233 418 2292 478 
163 2223 418 2281 476 
164 2208 429 2266 487 
165 2188 454 2246 512 
166 2170 486 2228 544 
167 2153 521 2211 579 
168 2136 558 2194 616 
169 2130 541 2190 600 
170 2130 500 2191 560 
171 2128 467 2184 523 
185 1941 357 1990 406 
186 1912 395 1962 445 
187 1881 432 1933 484 
188 1860 446 1913 497 
189 1852 411 1904 462 
190 1845 379 1896 430 
191 1837 350 1887 399 
192 1827 324 1877 373 
193 1809 280 1857 328 
194 1798 261 1845 308 
195 1798 261 1845 308 
202 1728 226 1775 273 
203 1717 244 1764 291 
204 1703 273 1749 318 
205 1690 303 1735 348 
206 1674 334 1722 381 
207 1661 369 1708 415 
208 1655 365 1702 412 
209 1652 337 1698 383 
210 1650 310 1696 356 
211 1648 286 1692 330 
212 1645 261 1689 305 
222 1529 173 1576 220 
224 1493 206 1540 253 
226 1460 277 1506 322 
227 1446 319 1491 363 
228 1431 361 1476 406 
232 1412 283 1458 329 
233 1412 268 1457 312 
234 1406 245 1452 291 
235 1401 233 1446 279 
236 1395 220 1440 266 
237 1385 209 1433 257 
238 1376 199 1425 248 
239 1366 192 1415 240 
240 1355 188 1403 236 
241 1342 188 1391 236 
242 1331 191 1379 239 
243 1297 213 1346 262 
244 1278 242 1324 288 
245 1278 242 1324 288 
246 1255 276 1300 321 
251 1165 339 1209 382 
252 1156 312 1202 358 
253 1147 289 1194 336 
254 1138 269 1185 316 
260 1092 201 1143 252 
261 1089 197 1142 248 
262 1087 194 1140 247 
263 1087 194 1139 246 
264 1089 197 1141 249 
265 1094 203 1146 254 
266 1101 219 1153 270 
267 1104 243 1157 296 
269 1119 323 1173 377 
271 1135 427 1187 480 
272 1142 418 1191 467 
273 1146 386 1196 436 
274 1150 359 1201 410 
275 1153 333 1205 385 
277 1163 294 1214 345 
278 1167 275 1219 327 
279 1171 261 1223 313 
280 1175 252 1230 306 
281 1179 245 1234 300 
282 1183 239 1238 293 
283 1183 235 1239 290 
284 1183 235 1239 291 
285 1178 238 1235 294 
286 1174 248 1230 304 
287 1168 263 1223 318 
288 1161 290 1217 346 
289 1154 331 1209 386 
290 1147 375 1202 431 
291 1139 424 1195 480 
294 1116 449 1172 505 
295 1116 449 1172 505 
296 1113 424 1172 483 
297 1109 400 1166 458 
298 1105 379 1163 437 
299 1105 379 1163 437 
300 1096 355 1155 414 
301 1093 375 1152 433 
302 1089 421 1148 480 
303 1083 474 1142 532 
304 1079 529 1140 590 
305 1076 548 1136 608 
306 1073 515 1133 575 
307 1072 487 1131 546 
308 1069 461 1127 519 
309 1067 436 1127 496 
310 1064 415 1124 475 
311 1063 400 1121 458 
312 1060 386 1119 445 
313 1061 379 1120 438 
314 1063 378 1122 437 
315 1068 379 1128 439 
316 1078 390 1139 452 
317 1094 420 1155 481 
318 1119 468 1178 527 
319 1149 518 1208 578 
320 1180 573 1241 635 
321 1209 635 1270 696 
322 1230 606 1291 668 
323 1251 574 1312 635 
324 1274 545 1334 604 
325 1293 516 1355 578 
326 1317 493 1378 553 
327 1338 472 1399 532 
328 1360 456 1420 517 
329 1379 443 1441 505 
330 1397 434 1459 495 
331 1412 428 1474 490 
332 1423 426 1487 489 
333 1432 429 1494 491 
334 1435 438 1499 501 
335 1434 460 1498 523 
336 1427 502 1493 568 
337 1415 562 1481 628 
338 1404 628 1468 692 
339 1389 695 1456 761 
340 1379 746 1445 813 
341 1370 702 1441 771 
342 1370 668 1437 735 
343 1366 636 1436 705 
344 1354 582 1427 654 
345 1354 582 1427 654 
346 1354 566 1425 637 
347 1353 554 1425 626 
348 1354 545 1427 618 
349 1354 545 1427 618 
350 1363 531 1438 606 
351 1373 529 1447 603 
352 1386 530 1463 606 
353 1403 536 1480 614 
354 1420 550 1498 628 
355 1439 580 1516 657 
356 1447 629 1527 709 
357 1454 708 1530 784 
358 1458 789 1535 866 
359 1458 872 1537 951 
360 1464 883 1541 959 
361 1469 841 1544 917 
362 1472 801 1549 877 
363 1475 759 1559 842 
364 1478 732 1557 810 
365 1482 697 1567 781 
366 1485 677 1568 760 
367 1491 668 1574 750 
368 1495 689 1579 772 
369 1492 749 1577 834 
370 1490 825 1575 909 
371 1487 904 1572 988 
372 1482 987 1570 1074 
373 1481 1059 1568 1146 
374 1489 1018 1576 1104 
375 1497 977 1586 1066 
376 1504 942 1595 1032 
377 1511 911 1603 1002 
378 1518 886 1610 977 
379 1526 865 1619 956 
380 1533 848 1626 940 
381 1540 837 1633 929 
382 1546 830 1640 923 
383 1551 824 1649 922 
384 1557 829 1657 928 
385 1558 864 1659 965 
386 1556 950 1654 1047 
387 1551 1044 1653 1144 
389 1546 1239 1646 1339 
390 1556 1181 1655 1279 
391 1564 1132 1662 1229 
392 1574 1084 1673 1183 
393 1580 1037 1684 1140 
394 1593 963 1703 1073 
395 1593 963 1703 1073 
396 1600 947 1711 1056 
397 1611 943 1721 1052 
398 1617 967 1729 1079 
399 1617 967 1729 1079 
400 1611 1127 1720 1236 
401 1605 1229 1713 1337 
406 1613 1293 1724 1403 
407 1619 1252 1734 1365 
408 1621 1213 1738 1329 
409 1627 1185 1746 1303 
410 1631 1159 1755 1282 
411 1632 1136 1761 1264 
412 1626 1121 1756 1251 
413 1612 1111 1739 1237 
414 1593 1102 1717 1224 
415 1575 1091 1693 1208 
416 1553 1077 1671 1195 
417 1531 1072 1648 1188 
418 1511 1070 1626 1184 
419 1491 1074 1608 1190 
420 1467 1087 1593 1211 
421 1447 1123 1572 1247 
422 1431 1182 1556 1305 
423 1422 1246 1546 1369 
424 1414 1317 1533 1436 
427 1407 1318 1515 1426 
428 1408 1255 1522 1369 
429 1406 1206 1514 1313 
430 1410 1154 1521 1265 
431 1408 1118 1509 1219 
479 1258 956 1332 1028 
480 1274 903 1351 980 
481 1287 855 1369 937 
482 1302 812 1386 896 
483 1320 780 1402 861 
484 1340 749 1422 830 
485 1356 719 1438 801 
486 1372 696 1455 779 
488 1404 656 1485 737 
489 1416 636 1495 715 
490 1420 614 1499 693 
491 1421 596 1500 673 
492 1423 579 1502 657 
493 1425 570 1500 646 
494 1422 565 1496 640 
495 1420 577 1490 649 
496 1419 605 1491 677 
497 1420 655 1492 726 
498 1422 712 1494 784 
499 1422 712 1494 784 
500 1426 782 1497 853 
501 1432 731 1503 801 
502 1437 682 1509 753 
503 1442 637 1515 709 
504 1445 595 1518 667 
589 1379 333 1453 406 
590 1407 285 1470 347 
591 1410 230 1474 294 
592 1410 180 1478 248 
593 1415 132 1482 199 
594 1419 89 1487 157 
595 1419 89 1487 157 
596 1423 50 1490 117 
597 1424 15 1498 88 
597 1365 334 1428 398 
598 1362 335 1426 399 
599 1362 335 1426 399 
600 1359 337 1423 402 
601 1357 339 1421 404 
602 1355 340 1420 405 
603 1353 340 1418 406 
604 1350 341 1416 408 
605 1349 342 1413 407 
606 1347 342 1413 408 
607 1346 342 1412 408 
608 1345 342 1411 408 
609 1345 342 1410 408 
610 1344 342 1409 408 
611 1344 342 1409 408 
612 1453 0 1521 59 
612 1344 341 1409 407 
613 1344 341 1409 406 
614 1345 340 1409 405 
614 1452 59 1520 127 
615 1452 101 1519 169 
616 1449 146 1517 214 
617 1348 336 1412 401 
617 1451 196 1516 261 
618 1350 336 1413 400 
618 1450 248 1514 312 
619 1352 337 1415 401 
619 1448 303 1513 368 
620 1355 336 1417 399 
620 1443 350 1509 416 
621 1358 336 1423 402 
622 1362 339 1426 404 
623 1366 344 1430 409 
625 1372 358 1435 420 
632 1347 344 1410 408 
633 1342 338 1406 402 
634 1453 317 1514 379 
634 1339 333 1404 399 
635 1337 329 1403 396 
635 1455 246 1518 309 
636 1338 327 1403 393 
636 1453 175 1520 241 
637 1339 328 1402 392 
637 1455 109 1521 175 
638 1338 328 1402 394 
638 1456 45 1524 113 
639 1337 328 1403 395 
640 1336 328 1403 396 
641 1336 329 1402 396 
642 1335 329 1401 396 
643 1334 330 1400 396 
644 1334 330 1400 396 
645 1334 330 1400 396 
646 1334 330 1400 397 
647 1334 330 1400 397 
648 1334 330 1400 396 
649 1334 330 1400 396 
650 1334 330 1400 396 
651 1334 330 1400 396 
652 1333 330 1401 398 
653 1331 329 1400 399 
654 1328 328 1397 398 
655 1325 328 1394 399 
656 1321 329 1391 399 
657 1317 328 1389 400 
660 1302 330 1372 400 
661 1297 329 1366 399 
662 1290 328 1361 399 
663 1285 331 1352 397 
666 1392 0 1457 56 
667 1386 48 1454 116 
668 1381 113 1448 179 
669 1375 181 1447 254 
670 1371 252 1435 316 
672 1227 321 1289 382 
672 1361 311 1424 374 
673 1355 329 1418 391 
674 1347 343 1412 407 
675 1338 352 1403 416 
676 1328 357 1390 419 
677 1317 359 1378 420 
679 1211 320 1272 381 
680 1206 316 1267 377 
701 1164 355 1228 420 
711 1074 241 1130 298 
713 1054 137 1113 196 
714 1053 75 1112 133 
715 1054 20 1113 79 
717 1054 231 1114 292 
718 1052 228 1113 291 
719 1049 226 1112 290 
720 1044 222 1111 290 
721 1044 223 1111 290 
731 1055 226 1115 288 
744 1046 225 1104 284 
745 1046 225 1104 284 
746 1076 38 1136 98 
747 1041 222 1102 284 
748 1074 159 1137 222 
749 1074 159 1137 222 
754 1023 231 1079 286 
755 1020 232 1076 288 
764 1013 232 1075 294 
766 1030 128 1091 189 
767 1030 73 1091 133 
768 1034 20 1095 81 
772 1011 220 1075 284 
789 1041 215 1098 272 
790 1047 214 1102 270 
791 1053 214 1107 268 
793 1065 208 1119 263 
794 1070 208 1123 262 
796 1126 14 1185 73 
797 1128 63 1186 122 
798 1132 117 1189 174 
799 1132 117 1189 174 
804 1132 199 1185 253 
805 1138 199 1189 251 
806 1147 199 1196 249 
809 1241 373 1292 423 
810 1256 422 1308 473 
811 1270 471 1323 524 
812 1281 433 1333 485 
813 1291 397 1343 449 
814 1301 365 1352 416 
815 1312 334 1362 384 
816 1319 304 1371 355 
817 1329 279 1381 332 
818 1339 259 1393 313 
821 1376 269 1424 317 
822 1388 295 1438 344 
823 1402 338 1452 387 
824 1414 379 1467 431 
825 1426 426 1478 479 
826 1436 443 1488 494 
828 1456 373 1508 424 
829 1465 344 1516 395 
830 1474 315 1526 366 
831 1486 294 1534 342 
832 1494 273 1543 322 
833 1501 258 1550 307 
850 1621 11 1669 58 
880 1648 16 1697 65 
881 1646 65 1695 114 
882 1645 115 1691 161 
887 1677 210 1729 261 
888 1690 218 1742 269 
889 1709 234 1759 284 
890 1727 260 1778 310 
891 1751 304 1801 353 
892 1771 357 1820 405 
893 1790 410 1839 459 
894 1805 434 1854 483 
895 1817 396 1867 446 
896 1829 362 1878 411 
897 1840 329 1889 378 
898 1851 298 1901 347 
899 1851 298 1901 347 
900 1873 246 1922 295 
901 1882 222 1932 272 
902 1892 204 1943 255 
903 1905 194 1953 242 
904 1914 188 1963 237 
905 1925 182 1974 230 
906 1935 184 1982 230 
907 1942 186 1990 233 
908 1949 189 1998 238 
911 1974 224 2024 274 
912 1977 246 2029 298 
913 1974 277 2028 330 
914 1974 310 2027 362 
915 1971 345 2027 400 
916 1969 385 2024 440 
917 1965 428 2019 481 
919 1967 466 2022 520 
920 1973 440 2028 494 
921 1981 416 2035 469 
922 1988 395 2041 448 
924 2000 359 2054 413 
925 2008 346 2062 400 
926 2012 337 2066 391 
927 2019 331 2072 384 
928 2024 329 2076 381 
929 2027 324 2082 379 
930 2030 331 2084 385 
931 2028 360 2081 413 
933 2011 457 2067 514 
934 2003 515 2060 573 
935 2003 516 2060 573 
936 2007 483 2064 539 
937 2010 451 2067 508 
938 2014 424 2071 481 
939 2019 400 2075 456 
940 2021 376 2078 432 
941 2023 360 2078 414 
942 2024 342 2081 398 
943 2026 332 2083 389 
944 2028 321 2088 381 
945 2030 323 2091 384 
946 2031 332 2094 394 
947 2031 332 2094 394 
948 2031 348 2094 411 
949 2028 375 2087 433 
950 2006 480 2066 541 
951 1993 552 2052 611 
952 1978 622 2042 685 
953 1972 648 2035 710 
954 1974 610 2038 674 
956 1977 543 2040 605 
957 1979 511 2044 576 
958 1977 483 2045 550 
960 1971 443 2045 516 
961 1970 424 2041 495 
962 1959 414 2032 487 
963 1951 407 2023 479 
964 1937 405 2012 479 
965 1921 408 1997 483 
966 1901 416 1978 493 
967 1879 431 1954 506 
968 1848 461 1919 531 
969 1812 503 1882 574 
970 1774 559 1845 630 
971 1737 613 1810 687 
972 1700 679 1770 749 
973 1664 743 1736 816 
974 1651 719 1720 788 
975 1642 676 1711 744 
976 1633 638 1701 705 
977 1622 599 1691 668 
978 1612 568 1680 636 
979 1600 539 1669 608 
980 1589 514 1657 582 
981 1576 491 1646 560 
982 1563 474 1632 543 
983 1550 462 1619 530 
984 1538 452 1607 521 
985 1526 446 1596 517 
986 1514 449 1585 520 
987 1501 459 1572 530 
