0 724 972 826 1073 
1 722 922 824 1023 
2 718 875 823 978 
3 718 833 823 937 
5 713 759 822 869 
6 715 730 827 842 
7 724 706 838 819 
8 738 683 858 802 
9 759 662 880 782 
10 778 645 904 770 
11 804 631 931 755 
12 838 623 960 742 
13 873 618 994 737 
14 911 622 1034 743 
15 955 638 1077 759 
16 1004 669 1126 789 
17 1063 726 1181 842 
18 1125 814 1244 932 
19 1196 950 1316 1069 
20 1265 1099 1385 1218 
21 1334 1251 1454 1372 
22 1375 1237 1493 1354 
23 1410 1164 1530 1282 
24 1448 1097 1568 1214 
25 1484 1032 1606 1151 
26 1524 970 1647 1092 
27 1563 915 1691 1043 
28 1604 878 1735 1010 
29 1642 852 1778 988 
30 1685 839 1820 972 
31 1718 832 1857 970 
32 1759 848 1896 984 
33 1808 881 1946 1017 
34 1878 941 2017 1079 
35 1966 1049 2105 1186 
36 2055 1212 2191 1347 
42 2477 1288 2559 1422 
150 2442 354 2511 422 
151 2385 397 2452 464 
153 2317 398 2384 465 
154 2303 358 2369 423 
155 2289 322 2354 387 
156 2273 287 2339 352 
157 2257 256 2323 322 
158 2241 230 2306 295 
159 2221 201 2290 271 
160 2204 187 2271 253 
161 2182 172 2247 237 
162 2165 164 2228 227 
163 2143 163 2205 225 
165 2077 200 2138 261 
166 2035 236 2095 296 
167 1998 272 2057 332 
168 1959 311 2019 371 
169 1937 311 1998 371 
170 1929 273 1988 331 
171 1920 238 1978 295 
172 1910 204 1968 262 
173 1901 174 1958 231 
175 1879 122 1938 180 
176 1864 105 1922 163 
178 1827 76 1883 131 
180 1782 57 1838 112 
181 1759 57 1813 110 
182 1734 60 1788 114 
183 1704 70 1759 125 
184 1671 93 1727 149 
185 1636 134 1691 189 
186 1602 176 1657 231 
187 1568 224 1622 277 
189 1528 219 1583 273 
190 1516 184 1572 239 
191 1505 155 1559 209 
192 1494 129 1546 181 
193 1480 102 1534 156 
194 1465 80 1521 135 
195 1453 61 1507 115 
196 1438 46 1492 100 
202 1326 45 1379 98 
203 1302 75 1355 128 
204 1277 109 1332 163 
206 1231 189 1283 240 
209 1202 137 1252 187 
210 1194 106 1245 158 
211 1186 80 1238 132 
212 1179 57 1230 108 
213 1171 41 1220 90 
215 1145 10 1195 60 
216 1130 0 1182 48 
217 1116 0 1166 39 
223 1034 26 1089 80 
224 1021 65 1075 118 
225 1014 116 1065 166 
226 1006 163 1057 214 
228 993 232 1043 281 
229 990 197 1041 248 
231 982 138 1036 192 
232 980 116 1035 170 
233 978 94 1033 149 
234 976 79 1028 131 
244 866 97 922 151 
245 841 141 900 200 
246 819 187 876 245 
247 798 240 855 296 
248 775 295 834 354 
249 775 295 834 354 
250 752 244 808 300 
252 731 188 788 244 
253 718 158 780 219 
254 707 137 767 198 
255 698 121 758 181 
256 690 106 750 167 
257 683 96 744 157 
258 680 89 740 148 
259 677 83 737 142 
260 677 78 737 139 
261 679 74 741 137 
262 683 72 747 135 
263 691 74 756 139 
265 713 96 781 163 
266 736 126 803 194 
268 784 230 845 291 
269 807 288 867 350 
270 827 346 890 409 
271 839 346 901 409 
272 847 308 910 371 
273 855 271 920 336 
275 872 213 935 276 
276 881 187 945 250 
277 891 165 954 228 
278 899 145 963 210 
279 907 131 972 196 
280 917 120 981 184 
282 934 110 998 174 
283 939 109 1005 174 
284 944 113 1009 178 
285 947 123 1014 190 
286 951 143 1018 209 
288 966 226 1033 293 
289 974 283 1041 349 
290 983 343 1049 410 
291 990 407 1057 474 
292 998 463 1065 530 
293 1000 426 1066 493 
294 1002 392 1070 460 
295 1005 362 1073 429 
296 1008 336 1076 403 
297 1007 307 1078 379 
298 1010 290 1081 361 
299 1010 290 1081 361 
300 1023 295 1093 364 
301 1035 351 1104 420 
302 1045 417 1115 488 
303 1057 488 1128 559 
304 1066 529 1136 598 
305 1069 486 1141 558 
306 1074 448 1146 520 
307 1078 416 1151 491 
308 1085 384 1159 458 
309 1090 359 1162 431 
310 1094 335 1169 410 
311 1102 319 1179 395 
312 1114 312 1191 388 
313 1128 307 1205 384 
314 1145 309 1221 384 
315 1166 319 1244 397 
316 1192 351 1273 432 
317 1235 399 1312 476 
318 1276 460 1350 533 
319 1314 516 1391 593 
320 1354 583 1428 657 
321 1381 558 1455 632 
322 1408 512 1482 586 
323 1434 470 1509 546 
324 1460 433 1536 508 
325 1487 402 1560 476 
326 1512 371 1587 446 
327 1538 347 1613 421 
328 1565 327 1640 402 
329 1591 311 1667 386 
330 1617 303 1691 377 
331 1640 295 1716 371 
332 1664 300 1738 373 
333 1684 305 1760 381 
334 1700 326 1778 404 
335 1717 376 1794 454 
336 1726 445 1805 523 
337 1734 519 1815 600 
338 1742 602 1821 681 
339 1748 680 1828 760 
340 1759 634 1840 715 
341 1770 596 1850 675 
342 1781 559 1862 639 
343 1790 526 1873 609 
344 1803 501 1883 580 
345 1816 479 1897 560 
346 1828 465 1913 550 
347 1848 452 1932 537 
348 1848 452 1932 537 
349 1848 452 1932 537 
350 1892 435 1977 520 
351 1920 430 2005 515 
352 1948 425 2036 512 
353 1981 430 2069 518 
354 2013 442 2102 529 
355 2044 468 2132 554 
356 2072 519 2162 608 
357 2096 601 2185 690 
358 2114 688 2206 780 
359 2131 779 2225 873 
360 2152 808 2244 899 
361 2179 764 2269 853 
362 2205 717 2295 806 
363 2229 676 2321 767 
364 2252 634 2348 729 
365 2277 599 2374 696 
366 2300 574 2398 672 
367 2327 559 2424 656 
368 2350 571 2450 671 
369 2377 633 2480 736 
370 2407 723 2506 821 
371 2432 810 2533 909 
372 2455 900 2558 1003 
373 2475 996 2559 1104 
457 2436 1169 2551 1282 
458 2428 1103 2543 1216 
459 2418 1043 2532 1155 
460 2406 985 2522 1099 
461 2392 933 2508 1047 
462 2377 886 2494 1002 
463 2361 846 2476 961 
464 2343 811 2459 926 
465 2324 784 2439 897 
466 2303 761 2418 875 
467 2279 744 2396 859 
468 2257 735 2369 846 
469 2231 723 2345 835 
470 2208 714 2321 826 
471 2187 709 2299 821 
472 2171 713 2281 823 
473 2155 730 2266 840 
474 2143 773 2248 877 
475 2136 820 2241 924 
476 2129 876 2230 977 
477 2122 929 2223 1029 
478 2122 952 2221 1049 
479 2135 892 2227 983 
488 2218 551 2318 652 
489 2196 526 2306 639 
490 2181 505 2294 622 
516 1745 525 1822 602 
517 1719 591 1796 669 
518 1700 642 1778 720 
519 1704 589 1780 664 
520 1704 536 1784 615 
521 1704 489 1782 567 
522 1703 447 1781 526 
523 1705 409 1786 490 
524 1699 376 1782 458 
525 1697 353 1777 433 
526 1693 334 1773 414 
527 1690 321 1770 400 
528 1685 312 1763 391 
529 1680 311 1759 390 
530 1674 314 1754 393 
531 1668 321 1747 400 
532 1661 336 1742 416 
533 1652 362 1736 446 
534 1645 407 1726 488 
535 1638 455 1717 534 
536 1631 507 1710 586 
537 1624 561 1702 639 
538 1618 605 1696 684 
539 1624 564 1701 641 
540 1629 527 1706 604 
541 1633 494 1711 571 
542 1635 463 1715 542 
543 1640 437 1720 517 
544 1643 414 1725 496 
545 1644 397 1728 481 
546 1647 385 1730 469 
547 1647 380 1730 462 
548 1645 375 1729 459 
549 1645 375 1729 459 
550 1641 383 1725 467 
551 1638 396 1722 481 
552 1635 413 1719 497 
553 1633 435 1717 518 
554 1630 463 1710 543 
555 1628 494 1706 571 
556 1624 527 1702 604 
557 1621 566 1697 641 
558 1617 594 1692 669 
559 1620 563 1695 638 
560 1621 536 1697 611 
561 1625 516 1698 589 
562 1625 496 1700 570 
563 1626 483 1700 557 
564 1624 475 1699 550 
565 1620 473 1696 549 
566 1619 476 1694 551 
567 1619 475 1696 552 
568 1624 476 1701 553 
569 1626 476 1704 553 
570 1629 475 1706 551 
571 1631 473 1709 550 
572 1633 469 1711 547 
573 1636 466 1713 543 
574 1638 462 1715 538 
575 1641 455 1719 532 
576 1646 448 1723 526 
577 1649 445 1725 521 
578 1650 442 1727 519 
579 1650 442 1729 520 
580 1651 446 1730 525 
581 1651 447 1733 529 
582 1655 454 1734 534 
584 1656 448 1737 528 
585 1655 440 1733 517 
591 1647 142 1725 221 
592 1655 78 1736 158 
593 1665 18 1744 97 
617 1720 10 1802 92 
618 1716 74 1795 153 
619 1711 135 1791 215 
621 1738 201 1820 283 
635 1687 91 1766 170 
636 1696 11 1774 89 
650 1678 191 1763 278 
651 1678 188 1766 278 
653 1673 197 1756 282 
654 1668 196 1752 282 
655 1664 195 1749 281 
669 1706 1 1790 84 
670 1696 84 1783 170 
671 1683 136 1766 218 
672 1674 166 1756 248 
673 1660 190 1741 271 
674 1644 209 1722 287 
685 1366 433 1437 504 
708 1009 338 1079 408 
712 959 92 1028 161 
714 1081 120 1161 201 
715 1076 120 1155 201 
716 1075 122 1151 199 
748 1009 13 1082 87 
749 1009 13 1082 87 
773 998 114 1078 196 
774 997 114 1077 195 
813 1069 297 1130 358 
815 1085 215 1147 277 
818 1104 121 1173 192 
823 1150 188 1212 250 
824 1159 240 1220 300 
825 1164 291 1226 353 
826 1172 325 1230 384 
827 1177 278 1238 338 
828 1185 240 1243 299 
829 1192 205 1250 262 
830 1200 170 1258 228 
831 1208 139 1266 196 
832 1215 112 1273 170 
833 1220 95 1277 152 
836 1225 74 1287 136 
837 1228 81 1288 142 
889 1375 33 1433 91 
890 1391 57 1451 115 
891 1416 103 1471 158 
892 1434 155 1489 211 
893 1451 210 1507 266 
894 1465 252 1520 307 
895 1475 208 1529 263 
896 1484 169 1538 223 
898 1501 97 1555 152 
899 1501 97 1555 152 
914 1641 75 1702 136 
915 1651 122 1705 177 
916 1659 164 1713 218 
917 1667 208 1720 262 
918 1672 256 1728 312 
925 1730 117 1794 182 
926 1744 111 1803 169 
927 1755 106 1812 162 
928 1762 103 1817 158 
929 1769 102 1823 156 
930 1775 104 1831 159 
933 1789 227 1848 286 
934 1793 279 1860 346 
936 1811 273 1869 330 
938 1829 206 1890 266 
941 1854 134 1918 197 
942 1861 117 1926 182 
943 1872 106 1935 169 
944 1883 97 1948 161 
945 1896 92 1962 157 
946 1911 94 1974 156 
951 1990 320 2055 385 
952 2002 397 2066 461 
953 2013 448 2077 512 
954 2032 407 2095 469 
955 2041 370 2110 438 
956 2060 333 2127 400 
957 2074 300 2144 370 
958 2091 272 2161 342 
959 2104 248 2175 318 
960 2120 228 2190 297 
961 2132 211 2203 282 
962 2141 198 2216 273 
963 2146 190 2224 268 
964 2150 191 2228 269 
965 2153 195 2232 274 
966 2151 206 2231 288 
967 2143 226 2225 309 
968 2137 253 2215 331 
969 2111 304 2190 383 
970 2079 369 2159 449 
971 2050 437 2127 513 
972 2018 513 2093 589 
973 1985 590 2061 666 
974 1974 584 2052 662 
975 1973 540 2051 617 
976 1970 500 2047 576 
977 1966 460 2045 538 
978 1962 424 2042 504 
979 1960 397 2037 473 
980 1954 370 2031 447 
981 1948 346 2027 425 
982 1942 327 2023 407 
983 1938 312 2022 394 
984 1936 303 2020 387 
985 1935 300 2020 384 
986 1934 303 2020 388 
987 1934 312 2021 399 
