8 2406 874 2556 1023 
9 2442 877 2560 1015 
10 2482 876 2560 1027 
151 2472 370 2538 435 
153 2406 366 2473 432 
154 2389 328 2456 394 
155 2371 295 2438 362 
156 2354 264 2420 329 
157 2335 234 2404 302 
158 2316 214 2382 279 
159 2294 191 2361 258 
162 2226 160 2292 225 
163 2198 163 2264 229 
164 2157 182 2225 249 
165 2110 215 2176 281 
166 2058 258 2123 323 
167 2006 300 2073 367 
168 1959 351 2023 415 
169 1933 338 1998 403 
170 1916 297 1983 363 
171 1901 266 1963 328 
172 1884 232 1947 295 
173 1866 202 1931 266 
174 1849 177 1912 240 
175 1828 156 1891 218 
176 1806 138 1869 201 
177 1784 124 1846 187 
179 1734 105 1797 168 
180 1709 103 1771 165 
181 1683 105 1746 169 
182 1655 113 1720 177 
183 1626 132 1691 197 
184 1591 166 1656 231 
185 1557 217 1622 282 
186 1523 271 1587 335 
187 1491 330 1556 394 
188 1468 354 1531 415 
189 1452 314 1517 378 
190 1439 281 1502 343 
191 1425 250 1486 312 
192 1408 220 1473 284 
193 1392 195 1457 259 
194 1360 155 1426 220 
197 1312 127 1374 189 
200 1249 127 1312 190 
201 1224 142 1286 204 
202 1197 169 1259 232 
203 1197 169 1259 232 
204 1135 254 1200 319 
205 1106 304 1169 367 
206 1076 353 1140 417 
207 1059 354 1120 415 
208 1045 317 1107 378 
209 1032 282 1093 343 
210 1019 253 1080 313 
211 1006 223 1067 285 
212 992 197 1055 260 
213 978 178 1040 240 
214 962 163 1024 225 
215 948 150 1011 212 
216 933 139 995 201 
217 918 130 981 194 
218 906 127 968 190 
219 893 126 958 191 
220 884 133 949 198 
221 875 145 942 212 
222 869 168 938 237 
223 865 202 933 271 
224 867 252 937 322 
226 874 376 943 444 
227 878 443 946 511 
228 879 433 948 503 
229 879 402 945 467 
230 876 366 943 433 
231 869 333 942 405 
232 873 306 942 374 
233 873 283 941 351 
234 872 263 943 333 
235 868 246 941 319 
236 867 235 940 307 
237 866 226 938 297 
238 861 220 934 292 
239 855 219 929 292 
240 848 225 921 297 
241 839 238 910 309 
242 828 254 899 324 
243 814 282 887 354 
244 804 333 877 405 
245 804 333 877 405 
246 786 393 862 469 
247 775 464 847 536 
248 759 535 833 609 
249 759 535 833 609 
250 734 562 808 635 
251 721 523 798 599 
252 711 489 788 566 
253 695 456 773 534 
254 683 429 767 511 
255 672 406 758 491 
256 664 387 747 469 
257 659 373 743 456 
258 657 363 743 448 
259 659 353 744 437 
260 664 345 750 429 
261 671 341 759 428 
262 684 335 770 420 
263 699 334 786 419 
264 719 338 809 426 
265 740 348 828 435 
266 770 369 854 451 
267 805 407 888 489 
268 844 463 927 546 
269 881 527 965 611 
270 919 597 1001 680 
271 956 671 1037 753 
272 969 635 1049 715 
273 980 586 1060 666 
274 991 542 1071 621 
275 1003 501 1082 580 
276 1016 465 1094 543 
277 1028 432 1107 511 
278 1040 403 1120 482 
279 1055 378 1134 458 
280 1065 358 1148 440 
281 1079 342 1161 424 
282 1093 332 1177 414 
283 1108 327 1191 409 
284 1122 327 1206 410 
285 1135 333 1222 419 
286 1147 346 1238 435 
287 1170 376 1257 462 
288 1200 424 1283 507 
289 1230 487 1312 570 
290 1260 556 1343 639 
291 1290 630 1374 715 
292 1320 709 1404 794 
293 1341 744 1425 827 
294 1365 660 1451 745 
295 1374 622 1464 711 
296 1387 591 1476 680 
297 1400 564 1487 651 
298 1400 564 1487 651 
299 1400 564 1487 651 
300 1427 530 1515 617 
301 1453 564 1542 652 
302 1484 635 1573 724 
303 1513 714 1603 803 
304 1543 801 1632 890 
305 1563 811 1653 899 
306 1579 763 1668 852 
307 1594 718 1684 808 
308 1611 678 1701 768 
309 1627 643 1718 733 
310 1642 611 1734 702 
311 1658 584 1751 677 
312 1706 556 1799 648 
313 1734 548 1828 642 
314 1761 548 1856 642 
315 1793 561 1887 655 
316 1828 594 1923 688 
317 1863 645 1956 738 
318 1893 701 1987 793 
319 1922 759 2015 851 
320 1949 818 2041 910 
321 1971 758 2061 848 
322 1993 700 2083 789 
323 2013 648 2103 737 
324 2030 596 2125 690 
325 2051 554 2143 645 
326 2071 514 2162 605 
327 2091 481 2183 572 
328 2091 481 2183 572 
329 2116 455 2206 545 
330 2139 432 2232 523 
331 2168 418 2258 507 
332 2199 409 2288 498 
333 2229 408 2319 497 
334 2262 416 2351 505 
335 2293 442 2384 532 
336 2328 500 2418 590 
337 2358 577 2451 669 
338 2388 661 2481 753 
339 2416 747 2513 843 
340 2440 803 2536 899 
341 2493 710 2560 804 
514 2508 456 2560 545 
515 2469 507 2559 598 
516 2432 578 2525 670 
517 2395 657 2487 749 
518 2359 738 2451 830 
519 2341 769 2430 858 
520 2344 712 2433 800 
521 2343 656 2434 747 
522 2344 608 2433 697 
523 2342 562 2432 651 
524 2341 521 2430 610 
525 2336 486 2428 576 
526 2330 461 2422 551 
527 2325 442 2415 532 
528 2319 431 2409 519 
529 2312 423 2403 513 
530 2303 422 2395 513 
531 2295 427 2387 518 
532 2284 437 2376 529 
533 2273 455 2368 550 
534 2261 496 2353 587 
535 2251 546 2342 636 
536 2238 603 2329 693 
537 2225 663 2316 753 
538 2212 727 2302 816 
539 2207 750 2298 840 
540 2215 706 2304 795 
541 2223 666 2312 754 
542 2229 629 2319 717 
543 2235 596 2325 684 
544 2240 566 2330 655 
545 2248 522 2341 613 
546 2248 522 2341 613 
547 2250 511 2341 601 
548 2249 504 2339 594 
549 2246 504 2336 592 
550 2239 515 2329 605 
551 2234 532 2323 620 
552 2228 552 2319 641 
553 2222 579 2311 666 
554 2214 610 2302 697 
555 2206 644 2294 731 
556 2197 682 2286 770 
557 2188 726 2275 813 
558 2184 740 2273 828 
559 2186 706 2275 794 
560 2189 678 2278 765 
561 2191 656 2278 741 
562 2191 636 2278 721 
563 2191 620 2278 706 
564 2190 614 2278 701 
565 2189 613 2280 701 
566 2190 615 2281 705 
567 2196 615 2287 706 
568 2202 616 2292 705 
569 2207 614 2298 704 
570 2213 611 2304 701 
571 2218 609 2309 699 
572 2223 608 2312 696 
573 2227 603 2316 691 
574 2230 598 2318 685 
575 2234 591 2322 678 
576 2239 581 2327 668 
577 2246 573 2336 663 
578 2250 572 2338 660 
579 2255 574 2346 665 
580 2259 577 2352 669 
581 2263 582 2357 674 
582 2269 585 2362 678 
583 2273 583 2366 676 
584 2273 576 2367 669 
585 2266 562 2359 654 
586 2253 542 2342 630 
587 2235 504 2326 593 
588 2219 449 2310 539 
589 2215 379 2309 472 
590 2225 300 2320 394 
591 2237 221 2332 316 
592 2247 148 2343 242 
593 2258 76 2360 177 
594 2270 10 2369 109 
595 2279 0 2379 50 
615 2321 0 2419 55 
616 2316 19 2413 116 
617 2309 87 2404 182 
618 2300 158 2395 253 
619 2290 234 2384 327 
620 2277 300 2368 390 
621 2263 357 2354 448 
622 2261 393 2346 479 
623 2260 431 2342 514 
624 2258 470 2341 554 
625 2254 507 2342 595 
626 2258 540 2349 629 
627 2263 563 2353 653 
633 2217 346 2307 436 
634 2228 250 2319 340 
635 2242 157 2332 246 
636 2257 61 2350 153 
637 2269 0 2368 64 
639 2407 292 2506 393 
640 2405 292 2505 393 
641 2403 292 2503 393 
642 2401 293 2500 392 
643 2396 294 2496 394 
644 2400 294 2499 394 
647 2389 295 2489 396 
648 2387 294 2488 396 
649 2389 295 2489 396 
650 2386 295 2487 396 
651 2385 295 2486 396 
652 2384 296 2485 397 
653 2384 296 2484 397 
654 2385 299 2483 399 
655 2383 301 2481 400 
656 2381 302 2480 402 
657 2381 305 2478 403 
659 2377 309 2475 409 
660 2373 306 2477 411 
661 2370 309 2478 418 
669 2397 0 2504 88 
670 2389 86 2488 184 
671 2375 184 2476 284 
672 2352 234 2455 336 
674 2318 307 2432 425 
675 2308 325 2422 439 
676 2293 335 2414 454 
679 2207 373 2295 461 
680 2178 383 2267 472 
681 2143 402 2235 493 
682 2108 424 2199 514 
683 2073 455 2166 547 
684 2032 494 2126 587 
685 1979 567 2069 657 
686 1925 650 2016 741 
687 1872 741 1963 831 
688 1841 774 1928 860 
689 1830 708 1918 795 
690 1818 645 1907 733 
691 1804 586 1898 677 
692 1794 534 1887 625 
693 1782 485 1875 576 
694 1757 411 1848 501 
697 1730 372 1821 461 
698 1712 371 1802 460 
699 1712 371 1802 460 
700 1664 399 1754 489 
701 1635 426 1724 516 
702 1602 462 1694 553 
703 1572 503 1663 593 
704 1544 546 1634 635 
705 1525 585 1614 674 
706 1514 612 1605 702 
707 1506 622 1598 713 
708 1493 618 1585 709 
709 1469 597 1560 687 
710 1435 557 1525 646 
711 1402 486 1492 576 
712 1381 392 1475 486 
713 1375 288 1477 388 
714 1378 188 1480 287 
715 1382 90 1483 189 
716 1385 0 1490 95 
717 1630 328 1728 427 
718 1625 329 1723 428 
719 1619 329 1718 429 
720 1616 331 1714 429 
740 1579 328 1678 428 
741 1579 329 1677 428 
742 1578 330 1676 429 
743 1577 330 1675 429 
744 1574 329 1674 429 
745 1570 328 1671 430 
746 1452 20 1557 123 
747 1451 120 1554 221 
748 1451 222 1552 322 
749 1451 222 1552 322 
750 1436 336 1535 434 
752 1405 426 1507 527 
753 1404 472 1503 569 
754 1409 515 1507 613 
755 1415 555 1510 649 
756 1424 580 1517 675 
757 1425 593 1518 686 
758 1423 592 1517 686 
759 1413 578 1507 672 
760 1405 551 1499 645 
762 1406 460 1500 554 
764 1427 345 1522 439 
765 1427 270 1525 367 
766 1419 179 1521 281 
767 1413 91 1517 192 
768 1406 0 1512 101 
796 1241 0 1338 78 
797 1235 64 1334 160 
798 1232 148 1330 245 
799 1232 148 1330 245 
800 1221 282 1313 373 
801 1221 306 1310 395 
802 1224 318 1312 406 
803 1227 326 1315 413 
804 1229 334 1315 419 
805 1224 344 1307 426 
809 1213 509 1292 589 
848 1222 12 1293 80 
860 1140 90 1211 162 
861 1137 87 1209 160 
862 1133 86 1206 160 
883 1294 9 1362 77 
884 1300 60 1368 126 
885 1304 87 1371 152 
888 1313 123 1381 189 
889 1314 131 1384 200 
890 1327 151 1392 215 
891 1339 175 1407 242 
892 1356 225 1422 290 
893 1368 279 1438 347 
894 1381 337 1450 406 
895 1394 310 1462 376 
896 1399 265 1463 329 
897 1403 224 1467 287 
898 1406 184 1470 248 
899 1406 184 1470 248 
902 1424 63 1486 125 
903 1429 46 1492 108 
904 1438 34 1498 93 
905 1445 28 1505 88 
906 1452 23 1514 84 
907 1459 25 1522 86 
908 1467 29 1530 91 
909 1473 37 1538 100 
910 1483 47 1548 111 
911 1497 62 1561 125 
912 1511 84 1579 152 
913 1530 119 1594 183 
914 1549 159 1610 220 
915 1565 199 1628 262 
916 1584 244 1646 306 
917 1600 292 1664 355 
918 1617 346 1680 408 
919 1628 329 1691 392 
920 1639 298 1701 360 
921 1649 270 1710 330 
922 1661 243 1722 303 
923 1669 219 1731 281 
924 1680 200 1741 261 
925 1690 184 1751 244 
926 1700 171 1761 232 
927 1708 159 1771 221 
928 1717 152 1781 216 
929 1726 148 1792 214 
930 1735 152 1801 218 
931 1753 183 1816 246 
932 1772 236 1834 298 
933 1789 296 1852 359 
934 1804 359 1868 423 
935 1817 360 1881 423 
936 1831 323 1894 386 
938 1852 253 1919 319 
939 1864 223 1931 290 
940 1875 195 1943 262 
941 1889 172 1957 239 
942 1901 155 1971 224 
943 1938 133 2011 205 
944 1959 128 2033 201 
945 1959 128 2033 201 
946 1981 127 2052 197 
947 2004 135 2075 205 
948 2029 151 2099 220 
949 2029 151 2099 220 
950 2093 224 2160 292 
951 2128 290 2196 358 
952 2162 366 2232 436 
953 2197 447 2266 515 
954 2224 473 2292 540 
955 2248 428 2318 498 
956 2272 385 2347 459 
957 2298 349 2372 423 
958 2324 316 2397 389 
959 2350 285 2423 358 
960 2375 257 2450 332 
961 2400 233 2477 308 
962 2428 217 2503 291 
963 2451 205 2527 280 
964 2473 197 2552 274 
965 2492 198 2560 277 
