74 2272 2 2335 65 
151 882 82 945 144 
152 863 134 922 193 
154 831 74 886 127 
166 555 104 618 167 
167 514 173 576 234 
168 473 243 538 306 
169 443 227 510 294 
170 413 192 482 260 
171 384 160 453 228 
172 354 127 426 198 
173 323 96 399 170 
174 293 72 369 147 
175 265 57 339 130 
176 236 46 309 117 
177 204 31 282 108 
178 181 34 253 105 
179 148 21 232 104 
180 129 41 203 113 
181 104 44 186 126 
182 84 67 166 148 
183 67 103 151 186 
184 52 165 134 248 
185 42 245 126 329 
186 36 330 120 415 
187 31 425 114 506 
188 17 447 101 529 
189 1 408 76 488 
246 0 1057 62 1174 
247 0 1057 62 1174 
248 1 1170 115 1298 
249 1 1170 115 1298 
250 4 1174 134 1302 
251 0 1131 128 1257 
252 0 1086 125 1214 
253 0 1046 124 1178 
254 0 1011 124 1147 
255 0 988 125 1118 
256 0 962 132 1094 
257 10 934 150 1074 
258 38 921 170 1053 
259 59 896 196 1032 
260 89 879 222 1013 
261 117 861 252 995 
262 150 839 286 973 
263 181 820 317 955 
264 215 807 349 941 
265 245 805 378 938 
266 284 817 418 950 
267 345 852 473 980 
268 400 909 524 1032 
269 450 970 572 1091 
270 499 1036 615 1151 
271 537 1088 658 1209 
272 539 1010 652 1123 
273 542 937 656 1050 
274 545 870 658 983 
275 548 807 661 920 
276 549 746 668 863 
277 557 695 672 810 
278 560 650 676 765 
279 568 611 684 726 
280 575 575 692 692 
281 592 553 702 662 
287 767 540 872 645 
288 814 577 923 688 
289 872 637 980 745 
290 924 699 1033 807 
291 980 768 1083 870 
292 1031 835 1132 937 
293 1060 838 1162 938 
294 1079 781 1181 882 
295 1099 728 1200 828 
296 1136 632 1241 736 
297 1156 593 1261 697 
298 1177 559 1282 663 
299 1177 559 1282 663 
300 1200 545 1302 646 
301 1230 569 1333 671 
302 1267 631 1368 731 
303 1300 698 1399 797 
304 1333 766 1431 864 
305 1354 752 1452 849 
306 1389 640 1487 738 
307 1406 589 1505 688 
308 1425 545 1523 643 
309 1425 545 1523 643 
310 1440 503 1540 603 
311 1456 468 1557 568 
312 1497 418 1595 516 
313 1514 402 1611 498 
314 1527 392 1622 487 
315 1532 393 1627 488 
316 1530 413 1625 507 
317 1516 453 1608 544 
318 1494 495 1587 586 
319 1475 542 1565 632 
320 1456 589 1545 678 
321 1445 524 1534 612 
322 1432 462 1522 552 
339 1579 362 1656 439 
340 1600 397 1678 475 
341 1637 301 1717 381 
342 1656 261 1735 340 
343 1674 223 1754 302 
344 1694 195 1769 270 
350 1777 70 1853 147 
351 1784 58 1859 133 
352 1789 52 1862 124 
353 1789 49 1862 121 
354 1791 59 1864 132 
355 1799 95 1870 166 
356 1806 146 1879 219 
357 1813 202 1887 276 
358 1821 263 1891 333 
359 1831 263 1902 333 
360 1847 214 1917 284 
361 1861 167 1933 238 
362 1877 127 1947 196 
363 1892 89 1962 158 
364 1905 53 1976 124 
365 1920 27 1989 95 
366 1928 2 2002 75 
367 1940 7 2013 79 
368 1940 7 2013 79 
369 1957 41 2028 112 
370 1989 128 2059 198 
371 2004 175 2073 244 
372 2016 223 2084 290 
373 2030 178 2097 245 
374 2042 139 2109 205 
375 2055 100 2122 167 
376 2066 67 2133 133 
377 2076 35 2145 103 
378 2085 7 2155 76 
379 2094 0 2165 53 
385 2140 0 2208 58 
387 2144 102 2209 166 
388 2145 162 2207 225 
389 2156 123 2219 186 
390 2167 80 2230 143 
391 2177 40 2240 103 
392 2185 3 2252 67 
401 2248 11 2313 77 
402 2255 62 2317 125 
403 2259 113 2321 175 
404 2271 88 2332 149 
405 2283 48 2346 111 
406 2296 14 2358 75 
407 2306 0 2370 42 
423 2390 2 2455 62 
425 2358 115 2419 175 
438 2337 104 2400 166 
439 2319 167 2384 232 
440 2319 157 2384 222 
441 2325 116 2394 184 
442 2334 81 2402 148 
443 2340 49 2408 117 
444 2345 18 2415 87 
445 2349 0 2419 61 
454 2342 16 2413 87 
455 2329 81 2398 150 
456 2315 144 2388 216 
457 2303 216 2372 284 
458 2295 246 2367 317 
459 2305 211 2375 280 
460 2314 177 2385 248 
461 2322 145 2394 217 
462 2329 116 2403 190 
463 2336 91 2411 166 
464 2343 71 2420 148 
465 2347 54 2428 135 
466 2352 42 2432 122 
467 2349 34 2434 118 
468 2350 30 2433 113 
469 2349 30 2437 117 
470 2344 32 2428 114 
475 2230 128 2304 202 
476 2183 175 2260 252 
477 2139 227 2214 301 
478 2094 282 2166 353 
479 2067 300 2139 371 
480 2058 254 2132 326 
481 2050 212 2124 286 
482 2042 176 2115 248 
483 2031 141 2105 214 
484 2020 111 2093 184 
485 2008 86 2081 158 
486 1993 66 2066 138 
487 1979 49 2051 121 
488 1962 34 2036 107 
489 1945 21 2020 95 
490 1927 8 2003 84 
491 1912 2 1987 76 
492 1895 0 1972 73 
493 1879 1 1955 75 
494 1861 7 1938 84 
495 1843 26 1918 99 
496 1792 93 1868 170 
497 1757 160 1833 235 
498 1757 160 1833 235 
499 1757 160 1833 235 
500 1690 310 1766 385 
501 1672 330 1748 406 
502 1668 281 1743 357 
503 1663 237 1738 311 
504 1658 193 1734 269 
505 1653 154 1728 229 
506 1646 115 1723 192 
507 1637 84 1715 163 
508 1630 65 1708 143 
509 1623 48 1702 127 
510 1618 37 1699 118 
511 1614 31 1696 113 
512 1609 35 1691 117 
513 1604 53 1683 133 
514 1590 89 1671 169 
515 1575 144 1655 224 
516 1561 215 1641 296 
517 1547 291 1627 371 
518 1534 375 1611 452 
519 1526 409 1600 483 
520 1525 357 1603 434 
521 1522 311 1601 388 
522 1518 266 1599 347 
523 1516 230 1597 309 
524 1513 194 1594 275 
525 1509 167 1591 248 
526 1506 148 1587 229 
527 1503 132 1585 213 
528 1500 122 1582 204 
529 1495 118 1577 199 
530 1491 119 1573 201 
531 1487 126 1569 209 
532 1481 138 1565 222 
533 1476 158 1560 242 
534 1471 197 1555 280 
535 1467 247 1549 329 
536 1462 299 1544 382 
537 1457 358 1539 439 
538 1452 418 1533 498 
539 1451 441 1532 521 
540 1453 399 1533 478 
541 1455 360 1535 441 
542 1455 323 1537 405 
543 1457 293 1539 375 
544 1458 266 1541 348 
545 1460 244 1542 326 
546 1459 214 1542 296 
547 1458 209 1541 291 
548 1458 209 1541 291 
549 1457 208 1539 290 
550 1451 221 1534 304 
551 1448 237 1531 319 
552 1445 259 1527 340 
553 1440 284 1522 365 
554 1435 313 1518 395 
555 1431 347 1513 429 
556 1426 385 1508 466 
557 1422 427 1502 507 
558 1419 444 1498 523 
559 1418 413 1498 492 
560 1418 387 1498 466 
561 1418 363 1499 443 
562 1417 346 1497 426 
563 1416 333 1496 412 
564 1417 329 1497 409 
565 1420 331 1500 410 
566 1422 333 1503 412 
567 1426 331 1507 411 
568 1430 329 1510 408 
569 1434 322 1516 404 
570 1439 319 1519 399 
571 1442 314 1523 395 
572 1444 307 1527 390 
573 1447 304 1528 384 
574 1446 294 1530 377 
575 1448 287 1530 369 
576 1450 280 1531 360 
577 1456 274 1535 353 
578 1461 269 1542 349 
579 1467 270 1547 350 
580 1472 274 1552 353 
581 1478 278 1557 356 
582 1483 276 1564 357 
583 1486 273 1567 354 
584 1484 267 1565 347 
585 1478 255 1559 336 
586 1469 241 1549 321 
587 1453 215 1533 295 
588 1438 170 1520 252 
589 1428 106 1510 188 
590 1428 32 1511 114 
619 1426 0 1507 44 
620 1420 22 1505 106 
621 1420 76 1503 160 
622 1419 111 1501 194 
623 1426 146 1509 227 
624 1434 179 1519 263 
625 1444 211 1526 291 
626 1454 237 1538 320 
627 1466 257 1549 340 
628 1471 268 1553 349 
629 1467 269 1547 349 
630 1451 255 1532 336 
631 1422 222 1501 302 
632 1391 164 1470 244 
633 1374 83 1454 163 
656 1615 3 1690 76 
657 1618 4 1693 79 
658 1621 4 1697 80 
659 1626 6 1702 80 
661 1633 6 1711 85 
671 1669 14 1758 104 
675 1551 23 1631 105 
676 1544 42 1627 124 
677 1540 57 1625 141 
678 1535 73 1622 160 
679 1530 89 1618 177 
680 1519 108 1609 197 
681 1509 134 1600 224 
682 1499 168 1587 256 
683 1485 209 1574 298 
684 1470 261 1560 351 
685 1445 348 1531 434 
686 1416 452 1504 540 
687 1387 561 1476 650 
688 1369 596 1458 684 
689 1362 542 1449 629 
690 1354 488 1442 575 
691 1344 434 1435 524 
692 1336 387 1426 477 
693 1327 345 1417 434 
694 1315 304 1408 397 
695 1303 274 1398 369 
696 1289 254 1385 350 
697 1265 251 1364 349 
698 1265 251 1364 349 
699 1265 251 1364 349 
700 1244 303 1343 401 
701 1239 347 1336 443 
702 1236 397 1335 496 
703 1241 454 1339 552 
704 1248 511 1343 606 
705 1268 557 1365 654 
706 1290 586 1388 683 
707 1305 593 1405 694 
708 1308 592 1410 695 
709 1299 580 1405 686 
710 1277 553 1380 656 
711 1254 491 1356 593 
712 1236 388 1342 494 
713 1232 271 1341 380 
714 1232 146 1346 260 
715 1234 24 1352 142 
747 1254 62 1371 179 
748 1254 62 1371 179 
749 1254 62 1371 179 
750 1257 267 1368 378 
751 1254 318 1363 428 
752 1255 373 1365 483 
753 1261 431 1371 540 
754 1273 480 1385 592 
755 1289 526 1398 636 
756 1311 557 1421 667 
757 1328 576 1439 686 
758 1338 584 1450 695 
759 1338 584 1451 697 
760 1331 576 1442 687 
761 1322 558 1427 663 
762 1316 510 1423 617 
763 1318 452 1425 559 
764 1326 385 1437 496 
765 1329 312 1439 422 
766 1325 224 1438 337 
767 1318 118 1434 233 
768 1307 11 1424 127 
797 902 86 1026 209 
798 902 86 1026 209 
799 896 200 1018 323 
800 883 373 996 486 
801 870 404 983 517 
802 855 421 969 533 
803 836 429 946 539 
804 812 441 922 551 
805 786 458 895 567 
806 759 486 867 593 
807 724 538 829 643 
808 689 615 795 720 
809 663 703 768 808 
810 640 795 743 897 
811 623 835 723 935 
812 605 761 705 860 
813 586 688 690 791 
814 570 624 671 724 
815 552 560 655 662 
816 537 506 636 604 
817 518 451 622 553 
818 502 415 606 518 
819 488 388 596 495 
820 472 389 578 494 
821 441 422 547 526 
822 412 484 514 585 
823 390 561 494 664 
824 369 642 472 745 
825 353 730 451 827 
826 334 721 430 816 
827 309 653 409 750 
828 283 591 383 690 
829 261 537 358 634 
854 5 206 118 320 
855 0 211 108 324 
856 0 216 94 328 
914 0 173 60 254 
915 21 218 102 300 
916 65 268 146 348 
917 109 321 188 400 
918 152 377 233 458 
919 156 341 234 418 
920 157 294 237 374 
921 160 257 238 335 
922 164 222 239 298 
923 167 187 246 265 
924 171 159 250 237 
925 177 135 255 213 
926 183 115 262 194 
927 190 99 270 178 
928 200 90 278 168 
929 209 83 288 161 
930 224 88 300 163 
931 259 118 336 195 
932 302 173 381 252 
933 348 239 423 314 
934 390 304 465 380 
935 406 289 480 363 
936 413 240 487 313 
937 419 194 492 267 
938 427 153 500 225 
939 435 114 508 186 
940 445 81 517 153 
941 459 55 528 124 
942 475 31 541 97 
950 722 47 787 111 
951 775 98 846 169 
952 831 161 901 231 
953 884 226 954 295 
954 918 237 987 306 
955 937 187 1006 256 
957 976 100 1043 166 
958 998 60 1064 125 
959 1017 21 1085 88 
960 1037 0 1105 56 
970 1296 5 1370 79 
971 1320 73 1392 145 
972 1344 145 1414 215 
973 1365 221 1434 290 
974 1386 298 1457 371 
975 1400 275 1468 343 
976 1412 230 1482 300 
977 1425 196 1493 264 
979 1444 125 1519 199 
980 1459 96 1531 169 
981 1472 70 1545 143 
982 1488 52 1558 123 
983 1504 38 1573 107 
984 1519 18 1593 92 
985 1538 12 1610 84 
986 1555 6 1629 80 
987 1569 3 1647 80 
